Mechanical load,Position,Velocity
0,0,0
0,0,0
0,0,0
0,0,0
0,0,0
0,0,0
0,0,0
0,0,0
0,0,0
0,0,0
0,0,0
0,0,0
0,0,0
0,0,0
0,0,0
0,0,0
0,0,0
0,0,0
0,0,0
0,0,0
0,0,0
0,0,0
0,0,0
0,0,0
0,0,0
0,0,0
0,0,0
0,0,0
0,0,0
0,0,0
0,0,0
0,0,0
0,0,0
0,0,0
0,0,0
0,0,0
0,0,0
0,0,0
0,0,0
0,0,0
0,0,0
0,0,0
0,0,0
0,0,0
0,0,0
0,0,0
0,0,0
0,0,0
0,0,0
0,0,0
0,0,0
0,0,0
0,0,0
0,0,0
0,0,0
0,0,0
0,0,0
0,0,0
0,0,0
0,0,0
0,0,0
0,0,0
0,0,0
0,0,0
0,0,0
0,0,0
0,0,0
0,0,0
0,0,0
0,0,0
0,0,0
0,0,0
0,0,0
0,0,0
0,0,0
0,0,0
0,0,0
0,0,0
0,0,0
0,0,0
0,0,0
0,0,0
0,0,0
0,0,0
0,0,0
0,0,0
0,0,0
0,0,0
0,0,0
0,0,0
0,0,0
0,0,0
0,0,0
0,0,0
0,0,0
0,0,0
0,0,0
0,0,0
0,0,0
0,0,0
0,0,0
0,0,0
0,0,0
0,0,0
0,0,0
0,0,0
0,0,0
0,0,0
0,0,0
0,0,0
0,0,0
0,0,0
0,0,0
0,0,0
0,0,0
0,0,0
0,0,0
0,0,0
0,0,0
0,0,0
0,0,0
0,0,0
0,0,0
0,0,0
0,0,0
0,0,0
0,0,0
0,0,0
0,0,0
0,0,0
0,0,0
0,0,0
0,0,0
0,0,0
0,0,0
0,0,0
0,0,0
0,0,0
0,0,0
0,0,0
0,0,0
0,0,0
0,0,0
0,0,0
0,0,0
0,0,0
0,0,0
0,0,0
0,0,0
0,0,0
0,0,0
0,0,0
0,0,0
0,0,0
0,0,0
0,0,0
0,0,0
0,0,0
0,0,0
0,0,0
0,0,0
0,0,0
0,0,0
0,0,0
0,0,0
0,0,0
0,0,0
0,0,0
0,0,0
0,0,0
0,0,0
0,0,0
0,0,0
0,0,0
0,0,0
0,0,0
0,0,0
0,0,0
0,0,0
0,0,0
0,0,0
0,0,0
0,0,0
0,0,0
0,0,0
0,0,0
0,0,0
0,0,0
0,0,0
0,0,0
0,0,0
0,0,0
0,0,0
0,0,0
0,0,0
0,0,0
0,0,0
0,0,0
0,0,0
0,0,0
0,0,0
0,0,0
0,0,0
0,0,0
0,0,0
0,0,0
0,0,0
0,0,0
0,0,0
0,0,0
0,0,0
0,0,0
0,0,0
0,0,0
0,0,0
0,0,0
0,0,0
0,0,0
0,0,0
0,0,0
0,0,0
0,0,0
0,0,0
0,0,0
0,0,0
0,0,0
0,0,0
0,0,0
0,0,0
0,0,0
0,0,0
0,0,0
0,0,0
0,0,0
0,0,0
0,0,0
0,0,0
0,0,0
0,0,0
0,0,0
0,0,0
0,0,0
0,0,0
0,0,0
0,0,0
0,0,0
0,0,0
0,0,0
0,0,0
0,0,0
0,0,0
0,0,0
0,0,0
0,0,0
0,0,0
0,0,0
0,0,0
0,0,0
0,0,0
0,0,0
0,0,0
0,0,0
0,0,0
0,0,0
0,0,0
0,0,0
0,0,0
0,0,0
0,0,0
0,0,0
71,0,0
76,0,0
66,0,0
70,0,0
68,0,0
72,0,0.05
72,0,0.11
72,0,0.17
72,0,0.24
72,0,0.3
72,0,0.37
72,0,0.43
72,0,0.49
72,0,0.56
72,0,0.62
72,0.01,0.69
72,0.01,0.75
72,0.01,0.81
72,0.01,0.88
72,0.01,0.94
72,0.01,1.01
72,0.01,1.07
72,0.02,1.14
72,0.02,1.2
72,0.02,1.26
72,0.02,1.33
72,0.02,1.39
72,0.03,1.46
72,0.03,1.52
72,0.03,1.58
72,0.03,1.65
72,0.04,1.71
0,0.04,1.77
0,0.04,1.84
0,0.04,1.9
0,0.05,1.96
0,0.05,2.02
0,0.05,2.09
0,0.06,2.15
0,0.06,2.21
0,0.06,2.28
0,0.07,2.34
0,0.07,2.4
0,0.07,2.46
0,0.08,2.53
0,0.08,2.59
0,0.09,2.65
0,0.09,2.71
0,0.1,2.78
0,0.1,2.84
0,0.1,2.9
0,0.11,2.96
0,0.11,3.03
0,0.12,3.09
0,0.12,3.15
0,0.13,3.21
0,0.13,3.28
0,0.14,3.34
0,0.14,3.4
0,0.15,3.47
0,0.15,3.53
0,0.16,3.59
0,0.16,3.65
0,0.17,3.72
0,0.18,3.78
0,0.18,3.84
0,0.19,3.91
0,0.19,3.97
0,0.2,4.03
0,0.21,4.09
0,0.21,4.16
0,0.22,4.22
0,0.23,4.28
0,0.23,4.34
0,0.24,4.41
0,0.25,4.47
0,0.25,4.53
0,0.26,4.6
0,0.27,4.66
0,0.28,4.72
0,0.28,4.78
0,0.29,4.85
0,0.3,4.91
0,0.31,4.97
0,0.31,5.03
0,0.32,5.1
0,0.33,5.16
0,0.34,5.22
0,0.35,5.29
0,0.35,5.35
0,0.36,5.41
0,0.37,5.47
0,0.38,5.54
0,0.39,5.6
0,0.4,5.66
0,0.41,5.72
0,0.41,5.79
0,0.42,5.85
0,0.43,5.91
0,0.44,5.97
0,0.45,6.04
0,0.46,6.1
0,0.47,6.16
0,0.48,6.23
0,0.49,6.29
0,0.5,6.35
0,0.51,6.41
0,0.52,6.48
0,0.53,6.54
0,0.54,6.6
0,0.55,6.66
0,0.56,6.73
0,0.57,6.79
0,0.58,6.85
0,0.59,6.92
0,0.6,6.98
0,0.61,7.04
0,0.63,7.1
0,0.64,7.17
0,0.65,7.23
0,0.66,7.29
0,0.67,7.36
0,0.68,7.42
0,0.69,7.48
0,0.71,7.54
0,0.72,7.61
0,0.73,7.67
0,0.74,7.73
0,0.75,7.8
0,0.77,7.86
0,0.78,7.92
0,0.79,7.98
0,0.8,8.05
0,0.82,8.11
0,0.83,8.17
0,0.84,8.23
0,0.85,8.3
0,0.87,8.36
0,0.88,8.42
0,0.89,8.48
0,0.91,8.55
0,0.92,8.61
0,0.93,8.67
0,0.95,8.74
0,0.96,8.8
0,0.97,8.86
0,0.99,8.92
0,1,8.99
0,1.02,9.05
0,1.03,9.11
0,1.04,9.18
0,1.06,9.24
0,1.07,9.3
0,1.09,9.36
0,1.1,9.43
0,1.12,9.49
0,1.13,9.55
0,1.15,9.61
0,1.16,9.68
0,1.18,9.74
0,1.19,9.8
0,1.21,9.86
0,1.22,9.93
0,1.24,9.99
0,1.25,10.05
0,1.27,10.12
0,1.29,10.18
0,1.3,10.24
0,1.32,10.31
0,1.33,10.37
0,1.35,10.44
0,1.37,10.5
0,1.39,10.57
0,1.4,10.63
0,1.42,10.69
0,1.44,10.76
0,1.45,10.82
0,1.47,10.89
0,1.49,10.95
0,1.51,11.02
0,1.52,11.08
0,1.54,11.14
0,1.56,11.21
0,1.58,11.27
0,1.59,11.34
0,1.61,11.4
0,1.63,11.47
0,1.65,11.53
0,1.67,11.59
0,1.69,11.66
0,1.71,11.72
0,1.72,11.79
0,1.74,11.85
0,1.76,11.92
0,1.78,11.98
0,1.8,12.04
0,1.82,12.11
0,1.84,12.17
0,1.86,12.24
0,1.88,12.3
0,1.9,12.37
0,1.92,12.43
0,1.94,12.49
0,1.96,12.56
0,1.98,12.62
0,2,12.69
0,2.02,12.75
0,2.04,12.82
0,2.06,12.88
0,2.08,12.94
0,2.1,13.01
0,2.12,13.07
0,2.14,13.14
0,2.16,13.2
0,2.18,13.27
0,2.21,13.33
0,2.23,13.39
0,2.25,13.46
0,2.27,13.52
0,2.29,13.59
0,2.31,13.65
0,2.34,13.72
0,2.36,13.78
0,2.38,13.84
0,2.4,13.91
0,2.42,13.97
0,2.45,14.04
0,2.47,14.1
0,2.49,14.17
0,2.51,14.23
0,2.54,14.29
0,2.56,14.36
0,2.58,14.42
0,2.61,14.49
0,2.63,14.55
0,2.65,14.62
0,2.68,14.68
0,2.7,14.74
0,2.72,14.81
0,2.75,14.87
0,2.77,14.94
0,2.79,15
0,2.82,15.07
0,2.84,15.13
0,2.87,15.19
0,2.89,15.26
0,2.92,15.32
0,2.94,15.39
0,2.96,15.45
0,2.99,15.52
0,3.01,15.58
0,3.04,15.64
0,3.06,15.71
0,3.09,15.77
0,3.12,15.84
0,3.14,15.9
0,3.17,15.97
0,3.19,16.03
0,3.22,16.1
0,3.24,16.16
0,3.27,16.22
0,3.29,16.29
0,3.32,16.35
0,3.35,16.42
0,3.37,16.48
0,3.4,16.55
0,3.43,16.61
0,3.45,16.67
0,3.48,16.74
0,3.51,16.8
0,3.53,16.87
0,3.56,16.93
0,3.59,17
0,3.61,17.06
0,3.64,17.12
0,3.67,17.19
0,3.7,17.25
0,3.72,17.32
0,3.75,17.38
0,3.78,17.45
0,3.81,17.51
0,3.84,17.57
0,3.86,17.64
0,3.89,17.7
0,3.92,17.77
0,3.95,17.83
0,3.98,17.9
0,4.01,17.96
0,4.04,18.02
0,4.06,18.09
0,4.09,18.15
0,4.12,18.22
0,4.15,18.28
0,4.18,18.35
0,4.21,18.41
0,4.24,18.47
0,4.27,18.54
0,4.3,18.6
0,4.33,18.67
0,4.36,18.73
0,4.39,18.8
0,4.42,18.86
0,4.45,18.92
0,4.48,18.99
0,4.51,19.05
0,4.54,19.12
0,4.57,19.18
0,4.6,19.25
0,4.63,19.31
0,4.66,19.37
0,4.69,19.44
0,4.72,19.5
0,4.76,19.57
0,4.79,19.63
0,4.82,19.7
0,4.85,19.76
0,4.88,19.82
0,4.91,19.89
0,4.94,19.95
0,4.98,20.02
0,5.01,20.08
0,5.04,20.14
0,5.07,20.21
0,5.11,20.27
0,5.14,20.34
0,5.17,20.4
0,5.2,20.47
0,5.24,20.53
0,5.27,20.59
0,5.3,20.66
0,5.33,20.72
0,5.37,20.79
0,5.4,20.85
0,5.43,20.92
0,5.47,20.98
0,5.5,21.04
0,5.54,21.11
0,5.57,21.17
0,5.6,21.24
0,5.64,21.3
0,5.67,21.37
0,5.71,21.43
0,5.74,21.5
0,5.77,21.56
0,5.81,21.62
0,5.84,21.69
0,5.88,21.75
0,5.91,21.82
0,5.95,21.88
0,5.98,21.94
0,6.02,22.01
0,6.05,22.07
0,6.09,22.14
0,6.12,22.2
0,6.16,22.27
0,6.19,22.33
0,6.23,22.39
0,6.27,22.46
0,6.3,22.52
0,6.34,22.59
0,6.37,22.65
0,6.41,22.72
0,6.45,22.78
0,6.48,22.84
0,6.52,22.91
0,6.56,22.97
0,6.59,23.04
0,6.63,23.1
0,6.67,23.17
0,6.7,23.23
0,6.74,23.29
0,6.78,23.36
0,6.82,23.42
0,6.85,23.49
0,6.89,23.55
0,6.93,23.62
0,6.97,23.68
0,7.01,23.75
0,7.04,23.81
0,7.08,23.87
0,7.12,23.94
0,7.16,24
0,7.2,24.07
0,7.24,24.13
0,7.27,24.2
0,7.31,24.26
0,7.35,24.32
0,7.39,24.39
0,7.43,24.45
0,7.47,24.52
0,7.51,24.58
0,7.55,24.65
0,7.59,24.71
0,7.63,24.77
0,7.67,24.84
0,7.71,24.9
0,7.75,24.97
0,7.79,25.03
0,7.83,25.1
0,7.87,25.16
0,7.91,25.22
0,7.95,25.29
0,7.99,25.35
0,8.03,25.42
0,8.07,25.48
0,8.11,25.55
0,8.15,25.61
0,8.19,25.67
0,8.23,25.74
0,8.27,25.8
0,8.31,25.87
0,8.36,25.93
0,8.4,26
0,8.44,26.06
0,8.48,26.13
0,8.52,26.19
0,8.56,26.25
0,8.61,26.32
0,8.65,26.38
0,8.69,26.45
0,8.73,26.51
0,8.78,26.58
0,8.82,26.64
0,8.86,26.7
0,8.9,26.77
9,8.95,26.83
7,8.99,26.9
0,9.03,26.96
0,9.08,27.03
18,9.12,27.09
8,9.16,27.16
0,9.21,27.22
6,9.25,27.28
23,9.3,27.35
0,9.34,27.41
0,9.38,27.48
30,9.43,27.55
27,9.47,27.61
0,9.52,27.68
0,9.56,27.74
17,9.61,27.81
0,9.65,27.87
0,9.7,27.93
17,9.74,28
26,9.79,28.07
0,9.83,28.13
0,9.88,28.19
33,9.92,28.26
0,9.97,28.32
0,10.01,28.39
25,10.06,28.46
41,10.11,28.53
0,10.16,28.59
0,10.2,28.66
54,10.25,28.73
0,10.3,28.79
0,10.35,28.86
17,10.4,28.93
68,10.44,28.99
0,10.49,29.06
28,10.54,29.13
62,10.59,29.19
0,10.64,29.26
0,10.69,29.33
83,10.74,29.4
0,10.78,29.46
0,10.83,29.53
15,10.88,29.6
79,10.93,29.66
0,10.98,29.73
17,11.03,29.8
105,11.08,29.87
3,11.13,29.93
6,11.18,30
96,11.23,30.07
14,11.28,30.13
0,11.33,30.2
103,11.38,30.27
7,11.43,30.34
0,11.48,30.4
0,11.53,30.47
26,11.59,30.54
0,11.64,30.6
0,11.69,30.67
85,11.74,30.74
0,11.79,30.8
0,11.84,30.87
90,11.89,30.94
0,11.94,31
0,11.99,31.07
89,12.05,31.13
57,12.1,31.2
0,12.15,31.27
68,12.2,31.34
73,12.25,31.4
0,12.31,31.47
55,12.36,31.54
78,12.41,31.61
0,12.46,31.67
49,12.52,31.74
72,12.57,31.81
0,12.62,31.87
43,12.68,31.94
80,12.73,32.01
0,12.78,32.08
39,12.84,32.14
83,12.89,32.21
3,12.95,32.28
33,13,32.34
74,13.05,32.41
0,13.11,32.48
28,13.16,32.55
61,13.22,32.61
3,13.27,32.68
26,13.33,32.75
66,13.38,32.82
5,13.44,32.88
22,13.49,32.95
59,13.55,33.02
22,13.6,33.08
3,13.66,33.15
62,13.71,33.22
30,13.77,33.29
5,13.82,33.35
54,13.88,33.42
44,13.94,33.49
59,13.99,33.56
69,14.05,33.62
57,14.11,33.69
67,14.16,33.76
64,14.22,33.83
50,14.28,33.9
35,14.33,33.96
51,14.39,34.03
47,14.45,34.1
53,14.51,34.17
57,14.56,34.23
53,14.62,34.3
41,14.68,34.37
46,14.74,34.44
83,14.8,34.51
45,14.85,34.57
47,14.91,34.64
75,14.97,34.71
55,15.03,34.78
42,15.09,34.84
84,15.15,34.91
51,15.21,34.98
20,15.26,35.05
67,15.32,35.12
62,15.38,35.18
43,15.44,35.25
79,15.5,35.32
42,15.56,35.39
49,15.62,35.45
80,15.68,35.52
65,15.74,35.59
59,15.8,35.66
75,15.86,35.72
66,15.92,35.79
51,15.98,35.86
76,16.04,35.93
70,16.1,36
66,16.16,36.06
67,16.22,36.13
83,16.28,36.2
71,16.35,36.27
80,16.41,36.33
80,16.47,36.4
69,16.53,36.47
92,16.59,36.54
82,16.65,36.6
81,16.71,36.67
77,16.78,36.74
87,16.84,36.81
73,16.9,36.88
64,16.96,36.94
71,17.02,37.01
68,17.09,37.08
92,17.15,37.15
81,17.21,37.21
98,17.27,37.28
86,17.34,37.35
75,17.4,37.42
98,17.46,37.49
87,17.53,37.55
82,17.59,37.62
83,17.65,37.69
89,17.72,37.76
98,17.78,37.82
86,17.84,37.89
86,17.91,37.96
84,17.97,38.03
85,18.04,38.09
106,18.1,38.16
72,18.17,38.23
93,18.23,38.3
96,18.29,38.37
101,18.36,38.44
92,18.43,38.5
107,18.49,38.57
77,18.56,38.64
94,18.62,38.71
83,18.69,38.78
89,18.75,38.85
90,18.82,38.91
85,18.88,38.98
90,18.95,39.05
73,19.02,39.12
101,19.08,39.19
78,19.15,39.25
103,19.22,39.32
113,19.29,39.39
86,19.35,39.46
91,19.42,39.53
114,19.49,39.6
109,19.56,39.67
104,19.62,39.74
80,19.69,39.81
92,19.76,39.87
99,19.83,39.94
103,19.9,40.01
117,19.96,40.08
91,20.03,40.15
107,20.1,40.22
86,20.17,40.28
94,20.24,40.35
119,20.31,40.42
107,20.38,40.49
119,20.45,40.56
119,20.52,40.63
127,20.59,40.7
107,20.66,40.77
100,20.73,40.84
80,20.8,40.91
102,20.87,40.98
104,20.94,41.05
109,21.01,41.12
119,21.08,41.19
112,21.15,41.26
100,21.22,41.33
87,21.3,41.39
119,21.37,41.46
96,21.44,41.53
119,21.51,41.6
112,21.58,41.67
113,21.65,41.74
98,21.72,41.81
115,21.79,41.88
108,21.87,41.95
98,21.94,42.01
110,22.01,42.08
108,22.08,42.15
104,22.16,42.22
108,22.23,42.29
118,22.3,42.36
132,22.38,42.43
97,22.45,42.5
121,22.52,42.57
119,22.59,42.64
90,22.67,42.71
122,22.74,42.78
100,22.82,42.84
126,22.89,42.91
115,22.96,42.98
105,23.04,43.05
111,23.11,43.12
112,23.19,43.19
129,23.26,43.26
115,23.34,43.33
126,23.41,43.4
125,23.49,43.47
136,23.56,43.54
121,23.64,43.61
104,23.71,43.68
93,23.79,43.75
102,23.86,43.82
102,23.94,43.89
125,24.01,43.96
106,24.09,44.03
115,24.17,44.1
114,24.24,44.16
103,24.32,44.23
126,24.4,44.3
110,24.47,44.37
139,24.55,44.44
109,24.63,44.51
122,24.7,44.58
126,24.78,44.65
137,24.86,44.72
119,24.94,44.79
135,25.01,44.86
118,25.09,44.93
131,25.17,45
132,25.25,45.07
139,25.32,45.14
136,25.4,45.21
123,25.48,45.28
123,25.56,45.35
135,25.64,45.42
114,25.72,45.49
127,25.79,45.56
111,25.87,45.63
111,25.95,45.7
128,26.03,45.76
133,26.11,45.83
125,26.19,45.9
114,26.27,45.97
118,26.35,46.04
121,26.43,46.11
128,26.51,46.18
110,26.59,46.25
125,26.67,46.32
130,26.75,46.39
133,26.83,46.46
109,26.91,46.53
112,26.99,46.6
122,27.07,46.67
113,27.15,46.74
117,27.23,46.81
115,27.31,46.88
149,27.4,46.95
116,27.48,47.02
104,27.56,47.09
125,27.64,47.16
103,27.72,47.22
109,27.8,47.29
118,27.88,47.36
128,27.97,47.43
103,28.05,47.5
125,28.13,47.57
104,28.21,47.64
138,28.3,47.71
132,28.38,47.78
126,28.46,47.85
112,28.54,47.92
117,28.63,47.99
148,28.71,48.06
110,28.79,48.13
126,28.88,48.2
108,28.96,48.27
127,29.04,48.34
114,29.13,48.41
131,29.21,48.48
136,29.29,48.55
129,29.38,48.62
122,29.46,48.69
121,29.55,48.76
115,29.63,48.83
127,29.72,48.89
101,29.8,48.96
123,29.89,49.03
99,29.97,49.1
135,30.05,49.17
104,30.14,49.24
128,30.22,49.31
126,30.31,49.38
124,30.39,49.45
135,30.48,49.52
105,30.57,49.59
116,30.65,49.66
109,30.74,49.73
114,30.82,49.8
103,30.91,49.87
125,31,49.94
115,31.08,50.01
115,31.17,50.07
126,31.26,50.14
133,31.34,50.21
120,31.43,50.28
120,31.52,50.35
126,31.6,50.42
125,31.69,50.49
129,31.78,50.56
129,31.87,50.63
135,31.95,50.7
123,32.04,50.77
122,32.13,50.84
117,32.22,50.91
115,32.31,50.98
107,32.39,51.05
129,32.48,51.12
129,32.57,51.19
128,32.66,51.26
146,32.75,51.33
132,32.84,51.4
144,32.93,51.47
119,33.02,51.54
133,33.1,51.61
99,33.19,51.67
135,33.28,51.74
160,33.37,51.81
141,33.46,51.88
140,33.55,51.95
143,33.64,52.02
149,33.73,52.09
120,33.82,52.16
136,33.91,52.23
122,34,52.3
126,34.09,52.37
166,34.18,52.44
134,34.27,52.51
150,34.36,52.58
145,34.45,52.65
148,34.55,52.72
129,34.64,52.79
143,34.73,52.86
163,34.82,52.93
149,34.91,53
156,35,53.06
148,35.09,53.13
137,35.19,53.2
129,35.28,53.27
162,35.37,53.34
167,35.46,53.41
140,35.56,53.48
152,35.65,53.55
160,35.74,53.62
160,35.83,53.69
147,35.93,53.76
148,36.02,53.83
140,36.11,53.9
182,36.21,53.97
159,36.3,54.04
143,36.39,54.11
149,36.49,54.18
139,36.58,54.25
166,36.67,54.32
158,36.77,54.39
157,36.86,54.46
150,36.96,54.53
140,37.05,54.6
159,37.15,54.67
152,37.24,54.73
162,37.34,54.8
150,37.43,54.87
149,37.53,54.94
148,37.62,55.01
158,37.72,55.08
158,37.81,55.15
164,37.91,55.22
154,38,55.29
157,38.1,55.36
162,38.19,55.43
149,38.29,55.5
157,38.39,55.57
163,38.48,55.64
153,38.58,55.71
145,38.68,55.78
155,38.77,55.85
158,38.87,55.92
147,38.97,55.99
163,39.06,56.06
155,39.16,56.13
152,39.26,56.2
172,39.35,56.27
140,39.45,56.34
161,39.55,56.41
183,39.65,56.48
158,39.75,56.55
163,39.84,56.61
145,39.94,56.68
161,40.04,56.75
182,40.14,56.82
180,40.24,56.89
161,40.34,56.96
143,40.43,57.03
170,40.53,57.1
180,40.63,57.17
145,40.73,57.24
175,40.83,57.31
170,40.93,57.38
171,41.03,57.45
177,41.13,57.52
160,41.23,57.59
166,41.33,57.66
173,41.43,57.73
175,41.53,57.8
166,41.63,57.87
154,41.73,57.94
162,41.83,58.01
173,41.93,58.08
169,42.03,58.14
183,42.13,58.21
168,42.23,58.28
165,42.33,58.35
160,42.43,58.42
160,42.53,58.49
166,42.63,58.56
172,42.74,58.63
162,42.84,58.7
160,42.94,58.77
164,43.04,58.84
155,43.14,58.91
162,43.24,58.98
181,43.35,59.05
157,43.45,59.12
158,43.55,59.19
159,43.65,59.26
171,43.76,59.33
179,43.86,59.4
152,43.96,59.47
171,44.07,59.54
197,44.17,59.61
168,44.27,59.68
162,44.38,59.75
193,44.48,59.82
172,44.58,59.89
167,44.69,59.96
175,44.79,60.03
166,44.89,60.09
169,45,60.16
168,45.1,60.23
168,45.21,60.3
177,45.31,60.37
146,45.41,60.44
163,45.52,60.51
170,45.62,60.58
147,45.73,60.65
177,45.83,60.72
169,45.94,60.79
159,46.04,60.86
178,46.15,60.93
164,46.26,61
160,46.36,61.07
172,46.47,61.14
161,46.57,61.21
157,46.68,61.28
160,46.78,61.35
166,46.89,61.42
151,47,61.49
156,47.1,61.56
162,47.21,61.63
154,47.32,61.7
167,47.42,61.76
174,47.53,61.83
154,47.64,61.9
165,47.75,61.97
169,47.85,62.04
153,47.96,62.11
161,48.07,62.18
168,48.17,62.25
164,48.28,62.32
162,48.39,62.39
159,48.5,62.46
163,48.61,62.53
164,48.72,62.6
156,48.82,62.67
146,48.93,62.74
173,49.04,62.81
167,49.15,62.88
146,49.26,62.95
173,49.37,63.02
168,49.48,63.09
159,49.59,63.15
169,49.69,63.23
163,49.8,63.29
144,49.91,63.36
148,50.02,63.43
178,50.13,63.5
145,50.24,63.57
145,50.35,63.64
160,50.46,63.71
155,50.57,63.78
156,50.68,63.85
156,50.8,63.92
175,50.91,63.99
160,51.02,64.06
154,51.13,64.13
173,51.24,64.2
149,51.35,64.27
148,51.46,64.34
167,51.57,64.41
149,51.68,64.48
154,51.8,64.55
152,51.91,64.62
163,52.02,64.69
168,52.13,64.76
151,52.24,64.83
168,52.36,64.9
162,52.47,64.97
150,52.58,65.03
160,52.69,65.1
152,52.81,65.17
167,52.92,65.24
159,53.03,65.31
153,53.14,65.38
158,53.26,65.45
159,53.37,65.52
156,53.48,65.59
151,53.6,65.66
159,53.71,65.73
153,53.83,65.8
149,53.94,65.87
154,54.05,65.94
168,54.17,66.01
149,54.28,66.08
149,54.4,66.15
164,54.51,66.22
163,54.63,66.29
147,54.74,66.36
153,54.86,66.43
164,54.97,66.5
158,55.09,66.57
149,55.2,66.63
146,55.32,66.7
155,55.43,66.77
155,55.55,66.84
143,55.66,66.91
140,55.78,66.98
152,55.89,67.05
153,56.01,67.12
141,56.13,67.19
146,56.24,67.26
148,56.36,67.33
151,56.48,67.4
151,56.59,67.47
146,56.71,67.54
144,56.83,67.61
135,56.94,67.68
140,57.06,67.75
159,57.18,67.82
136,57.3,67.89
125,57.41,67.96
153,57.53,68.03
152,57.65,68.1
127,57.77,68.17
134,57.88,68.24
158,58,68.3
134,58.12,68.37
135,58.24,68.44
135,58.36,68.51
154,58.48,68.58
126,58.59,68.65
135,58.71,68.72
134,58.83,68.79
129,58.95,68.86
124,59.07,68.93
135,59.19,69
128,59.31,69.07
143,59.43,69.14
136,59.55,69.21
152,59.67,69.28
131,59.79,69.35
139,59.91,69.42
135,60.03,69.49
137,60.15,69.56
125,60.27,69.63
135,60.39,69.7
137,60.51,69.77
143,60.63,69.83
140,60.75,69.9
142,60.87,69.97
124,60.99,70.04
137,61.12,70.11
152,61.24,70.18
136,61.36,70.25
128,61.48,70.32
139,61.6,70.39
137,61.72,70.46
143,61.85,70.53
142,61.97,70.6
140,62.09,70.67
129,62.21,70.74
140,62.34,70.81
141,62.46,70.88
137,62.58,70.95
123,62.7,71.02
141,62.83,71.09
137,62.95,71.16
129,63.07,71.23
141,63.2,71.3
141,63.32,71.37
138,63.44,71.44
135,63.57,71.5
127,63.69,71.57
134,63.81,71.64
136,63.94,71.71
132,64.06,71.78
139,64.19,71.85
136,64.31,71.92
136,64.44,71.99
127,64.56,72.06
121,64.68,72.13
146,64.81,72.2
132,64.93,72.27
129,65.06,72.34
125,65.18,72.41
116,65.31,72.48
142,65.44,72.55
145,65.56,72.62
120,65.69,72.69
115,65.81,72.76
131,65.94,72.83
143,66.06,72.9
124,66.19,72.97
128,66.32,73.04
128,66.44,73.1
123,66.57,73.17
134,66.7,73.24
138,66.82,73.31
112,66.95,73.38
121,67.08,73.45
136,67.2,73.52
137,67.33,73.59
108,67.46,73.66
123,67.58,73.73
121,67.71,73.8
119,67.84,73.87
130,67.97,73.94
128,68.1,74.01
120,68.22,74.08
116,68.35,74.15
129,68.48,74.22
131,68.61,74.29
106,68.74,74.36
118,68.87,74.43
118,69,74.49
122,69.12,74.56
126,69.25,74.63
115,69.38,74.7
116,69.51,74.77
115,69.64,74.84
119,69.77,74.91
123,69.9,74.98
109,70.03,75.05
114,70.16,75.12
110,70.29,75.19
133,70.42,75.26
120,70.55,75.33
118,70.68,75.4
123,70.81,75.47
124,70.94,75.54
133,71.07,75.61
132,71.2,75.68
132,71.33,75.75
126,71.47,75.82
110,71.6,75.89
104,71.73,75.96
131,71.86,76.03
133,71.99,76.09
123,72.12,76.16
121,72.25,76.23
117,72.39,76.3
131,72.52,76.37
125,72.65,76.44
110,72.78,76.51
113,72.92,76.58
112,73.05,76.65
115,73.18,76.72
119,73.31,76.79
124,73.45,76.86
124,73.58,76.93
114,73.71,77
109,73.85,77.07
111,73.98,77.14
119,74.11,77.21
120,74.25,77.28
119,74.38,77.35
106,74.51,77.42
108,74.65,77.49
108,74.78,77.56
116,74.92,77.63
116,75.05,77.7
117,75.19,77.77
103,75.32,77.84
104,75.46,77.9
104,75.59,77.97
109,75.72,78.04
111,75.86,78.11
113,76,78.18
116,76.13,78.25
116,76.27,78.32
101,76.4,78.39
107,76.54,78.46
106,76.67,78.53
112,76.81,78.6
116,76.94,78.67
102,77.08,78.74
99,77.21,78.81
104,77.35,78.88
122,77.49,78.95
111,77.62,79.02
108,77.76,79.09
107,77.9,79.15
112,78.03,79.22
110,78.17,79.29
119,78.31,79.36
119,78.45,79.43
109,78.58,79.5
106,78.72,79.57
107,78.86,79.64
109,79,79.71
109,79.13,79.78
114,79.27,79.85
115,79.41,79.92
104,79.55,79.99
104,79.69,80.06
105,79.83,80.13
108,79.96,80.2
106,80.1,80.27
111,80.24,80.34
110,80.38,80.41
116,80.52,80.48
114,80.66,80.55
100,80.8,80.61
99,80.94,80.68
104,81.08,80.75
103,81.22,80.82
108,81.36,80.89
104,81.5,80.96
94,81.63,81.03
94,81.77,81.1
112,81.91,81.17
99,82.05,81.23
112,82.19,81.3
104,82.33,81.37
97,82.47,81.44
89,82.6,81.51
105,82.74,81.58
93,82.88,81.65
94,83.02,81.71
110,83.16,81.78
103,83.3,81.85
99,83.44,81.92
87,83.58,81.99
87,83.72,82.06
90,83.85,82.12
88,83.99,82.19
89,84.13,82.26
89,84.27,82.33
95,84.41,82.4
93,84.55,82.46
98,84.69,82.53
84,84.83,82.6
86,84.96,82.67
89,85.1,82.73
86,85.24,82.8
104,85.38,82.87
107,85.53,82.94
94,85.67,83.01
78,85.81,83.08
82,85.95,83.14
97,86.09,83.21
86,86.23,83.28
85,86.37,83.35
89,86.51,83.41
89,86.65,83.48
92,86.79,83.55
90,86.93,83.62
94,87.07,83.68
96,87.21,83.75
83,87.36,83.82
79,87.5,83.89
85,87.64,83.96
101,87.78,84.03
101,87.93,84.1
87,88.07,84.16
88,88.21,84.23
91,88.35,84.3
91,88.5,84.37
77,88.64,84.43
80,88.78,84.5
96,88.92,84.57
93,89.07,84.64
86,89.21,84.7
85,89.35,84.77
69,89.49,84.84
83,89.64,84.91
84,89.78,84.98
76,89.92,85.04
70,90.07,85.11
92,90.21,85.18
90,90.35,85.25
80,90.5,85.31
77,90.64,85.38
78,90.78,85.45
81,90.93,85.52
80,91.07,85.58
68,91.22,85.65
67,91.36,85.72
65,91.51,85.79
88,91.65,85.86
87,91.8,85.92
75,91.94,85.99
74,92.08,86.06
71,92.23,86.13
76,92.37,86.19
93,92.52,86.26
67,92.67,86.33
62,92.81,86.4
65,92.96,86.47
84,93.1,86.53
83,93.25,86.6
82,93.39,86.67
71,93.54,86.74
70,93.69,86.8
74,93.83,86.87
76,93.98,86.94
74,94.12,87.01
61,94.27,87.07
77,94.42,87.14
60,94.56,87.21
76,94.71,87.28
93,94.86,87.35
80,95.01,87.41
66,95.15,87.48
64,95.3,87.55
68,95.45,87.62
69,95.6,87.68
84,95.74,87.75
87,95.89,87.82
56,96.04,87.89
54,96.19,87.95
71,96.34,88.02
91,96.48,88.09
92,96.63,88.16
90,96.78,88.23
62,96.93,88.29
75,97.08,88.36
75,97.23,88.43
63,97.38,88.5
81,97.53,88.56
79,97.67,88.63
80,97.82,88.7
66,97.97,88.77
65,98.12,88.84
64,98.27,88.9
64,98.42,88.97
85,98.57,89.04
85,98.72,89.11
84,98.87,89.17
83,99.02,89.24
70,99.17,89.31
72,99.32,89.38
70,99.47,89.44
68,99.62,89.51
77,99.78,89.58
76,99.93,89.65
74,100.08,89.61
75,100.23,89.54
65,100.39,89.47
62,100.54,89.4
65,100.7,89.33
63,100.85,89.26
65,101,89.19
65,101.16,89.13
65,101.31,89.06
87,101.47,88.99
88,101.62,88.92
71,101.77,88.85
85,101.93,88.78
89,102.08,88.71
61,102.23,88.64
59,102.39,88.57
58,102.54,88.5
75,102.69,88.43
59,102.85,88.36
65,103,88.29
64,103.15,88.22
83,103.3,88.15
84,103.46,88.08
67,103.61,88.01
56,103.76,87.94
56,103.91,87.87
57,104.06,87.81
55,104.21,87.74
91,104.37,87.67
79,104.52,87.6
77,104.67,87.53
78,104.82,87.46
79,104.97,87.39
65,105.12,87.32
66,105.27,87.25
65,105.42,87.18
66,105.58,87.11
71,105.73,87.04
91,105.88,86.97
76,106.03,86.9
74,106.18,86.83
60,106.33,86.76
61,106.48,86.69
60,106.63,86.62
82,106.78,86.55
103,106.93,86.48
83,107.08,86.41
84,107.23,86.34
71,107.38,86.28
72,107.52,86.21
72,107.67,86.14
74,107.82,86.07
77,107.97,86
79,108.12,85.93
77,108.27,85.86
66,108.42,85.79
67,108.56,85.72
68,108.71,85.65
89,108.86,85.58
89,109.01,85.51
90,109.16,85.44
78,109.3,85.37
81,109.45,85.3
81,109.6,85.23
86,109.74,85.16
87,109.89,85.1
87,110.04,85.03
76,110.19,84.96
73,110.33,84.89
75,110.48,84.82
96,110.63,84.75
97,110.77,84.68
87,110.92,84.61
86,111.06,84.54
71,111.21,84.47
88,111.36,84.4
90,111.5,84.33
93,111.65,84.26
82,111.79,84.19
79,111.94,84.12
99,112.08,84.05
100,112.23,83.98
100,112.38,83.91
89,112.53,83.84
90,112.67,83.77
91,112.81,83.7
95,112.96,83.63
96,113.1,83.56
85,113.25,83.5
83,113.39,83.43
85,113.54,83.36
90,113.68,83.29
106,113.83,83.22
92,113.97,83.15
92,114.11,83.08
93,114.26,83.01
83,114.4,82.94
81,114.54,82.87
87,114.69,82.8
88,114.83,82.73
91,114.97,82.66
110,115.12,82.59
93,115.26,82.52
81,115.4,82.45
99,115.55,82.38
90,115.69,82.31
89,115.83,82.24
90,115.97,82.17
89,116.12,82.1
96,116.26,82.03
96,116.4,81.97
88,116.54,81.9
105,116.68,81.82
91,116.83,81.76
92,116.97,81.69
95,117.11,81.62
95,117.25,81.55
99,117.39,81.48
101,117.53,81.41
103,117.68,81.34
90,117.82,81.27
108,117.96,81.2
98,118.1,81.13
97,118.24,81.06
95,118.38,80.99
95,118.52,80.92
106,118.66,80.85
107,118.81,80.78
99,118.95,80.71
112,119.09,80.63
99,119.23,80.57
99,119.37,80.5
91,119.51,80.43
90,119.65,80.36
110,119.79,80.29
111,119.93,80.22
104,120.07,80.14
102,120.21,80.07
108,120.35,80
105,120.49,79.93
89,120.63,79.86
91,120.77,79.79
114,120.91,79.72
116,121.05,79.65
105,121.19,79.58
105,121.33,79.51
110,121.47,79.44
94,121.61,79.37
93,121.75,79.3
99,121.88,79.23
100,122.02,79.16
107,122.16,79.09
108,122.3,79.02
97,122.44,78.95
94,122.58,78.88
96,122.71,78.81
100,122.85,78.74
101,122.99,78.67
110,123.13,78.6
110,123.27,78.52
116,123.41,78.45
100,123.54,78.38
99,123.68,78.31
106,123.82,78.24
106,123.96,78.17
113,124.1,78.1
113,124.23,78.03
103,124.37,77.96
104,124.51,77.89
104,124.65,77.82
112,124.78,77.75
117,124.92,77.67
118,125.06,77.6
117,125.19,77.53
104,125.33,77.46
109,125.47,77.39
109,125.6,77.32
116,125.74,77.25
119,125.88,77.18
107,126.01,77.11
110,126.15,77.04
110,126.28,76.97
112,126.42,76.89
118,126.56,76.82
121,126.69,76.75
109,126.83,76.68
125,126.96,76.61
118,127.1,76.54
114,127.23,76.47
114,127.37,76.4
111,127.5,76.33
127,127.64,76.25
112,127.77,76.18
103,127.91,76.11
119,128.04,76.04
122,128.17,75.97
128,128.31,75.9
128,128.44,75.83
133,128.58,75.76
108,128.71,75.69
120,128.84,75.62
118,128.98,75.55
114,129.11,75.47
117,129.25,75.4
132,129.38,75.33
129,129.51,75.26
116,129.64,75.19
106,129.78,75.12
136,129.91,75.05
123,130.04,74.98
106,130.17,74.91
113,130.31,74.84
117,130.44,74.76
123,130.57,74.69
140,130.7,74.62
127,130.83,74.55
116,130.97,74.48
113,131.1,74.41
118,131.23,74.34
125,131.36,74.27
127,131.49,74.2
118,131.62,74.13
124,131.75,74.06
119,131.88,73.98
126,132.01,73.91
130,132.14,73.84
115,132.27,73.77
107,132.4,73.7
120,132.53,73.63
135,132.66,73.56
136,132.79,73.49
135,132.92,73.42
128,133.05,73.35
127,133.18,73.28
111,133.31,73.2
116,133.44,73.13
136,133.57,73.06
118,133.7,72.99
123,133.83,72.92
130,133.96,72.85
130,134.08,72.78
123,134.21,72.71
133,134.34,72.64
134,134.47,72.57
126,134.6,72.49
126,134.72,72.42
128,134.85,72.35
125,134.98,72.28
118,135.11,72.21
132,135.24,72.14
136,135.36,72.07
134,135.49,72
130,135.62,71.93
140,135.74,71.86
138,135.87,71.78
137,136,71.71
131,136.12,71.64
129,136.25,71.57
141,136.38,71.5
142,136.5,71.43
137,136.63,71.36
132,136.76,71.29
130,136.88,71.22
126,137.01,71.15
126,137.13,71.07
142,137.26,71
134,137.38,70.93
128,137.51,70.86
146,137.63,70.79
144,137.76,70.72
140,137.88,70.65
135,138.01,70.58
144,138.13,70.51
150,138.26,70.44
134,138.38,70.36
135,138.51,70.29
136,138.63,70.22
138,138.75,70.15
135,138.88,70.08
128,139,70.01
143,139.12,69.94
150,139.25,69.87
137,139.37,69.8
126,139.49,69.73
122,139.62,69.66
136,139.74,69.58
136,139.86,69.51
139,139.99,69.44
137,140.11,69.37
146,140.23,69.3
144,140.35,69.23
141,140.48,69.16
121,140.6,69.09
133,140.72,69.02
128,140.84,68.95
129,140.96,68.88
123,141.08,68.8
137,141.2,68.73
134,141.32,68.66
132,141.45,68.59
127,141.57,68.52
135,141.69,68.45
133,141.81,68.38
151,141.93,68.31
134,142.05,68.24
127,142.17,68.17
136,142.29,68.1
138,142.41,68.02
132,142.53,67.95
132,142.65,67.88
145,142.77,67.81
143,142.89,67.74
141,143.01,67.67
133,143.13,67.6
141,143.25,67.53
145,143.37,67.46
146,143.49,67.39
134,143.61,67.31
156,143.73,67.24
134,143.84,67.17
144,143.96,67.1
135,144.08,67.03
147,144.2,66.96
156,144.32,66.89
142,144.43,66.82
155,144.55,66.75
153,144.67,66.68
152,144.79,66.6
143,144.91,66.53
148,145.02,66.46
143,145.14,66.39
151,145.26,66.32
146,145.38,66.25
142,145.49,66.18
153,145.61,66.11
152,145.73,66.04
151,145.84,65.97
145,145.96,65.89
144,146.08,65.82
140,146.19,65.75
151,146.31,65.68
149,146.42,65.61
146,146.54,65.54
159,146.66,65.47
155,146.77,65.4
135,146.89,65.33
141,147,65.26
160,147.12,65.18
155,147.23,65.11
153,147.35,65.04
148,147.46,64.97
141,147.58,64.9
134,147.69,64.83
154,147.8,64.76
146,147.92,64.69
163,148.03,64.62
148,148.15,64.55
149,148.26,64.48
166,148.38,64.4
155,148.49,64.33
153,148.6,64.26
154,148.72,64.19
159,148.83,64.12
156,148.94,64.05
156,149.06,63.98
159,149.17,63.91
136,149.28,63.84
143,149.39,63.77
175,149.51,63.69
141,149.62,63.62
148,149.73,63.55
166,149.84,63.48
147,149.96,63.41
145,150.07,63.34
168,150.18,63.27
150,150.29,63.2
140,150.4,63.13
152,150.51,63.06
148,150.63,62.98
147,150.74,62.91
153,150.85,62.84
156,150.96,62.77
142,151.07,62.7
156,151.18,62.63
156,151.29,62.56
155,151.4,62.49
161,151.51,62.42
169,151.62,62.35
170,151.73,62.27
151,151.84,62.2
166,151.95,62.13
168,152.06,62.06
151,152.17,61.99
165,152.28,61.92
169,152.39,61.85
155,152.5,61.78
152,152.61,61.71
172,152.72,61.64
171,152.83,61.56
155,152.93,61.49
174,153.04,61.42
157,153.15,61.35
155,153.26,61.28
176,153.37,61.21
161,153.48,61.14
153,153.58,61.07
158,153.69,61
162,153.8,60.93
162,153.91,60.86
166,154.01,60.78
145,154.12,60.71
162,154.23,60.64
172,154.34,60.57
144,154.44,60.5
161,154.55,60.43
162,154.66,60.36
137,154.76,60.29
163,154.87,60.22
168,154.98,60.15
147,155.08,60.07
166,155.19,60
153,155.29,59.93
146,155.4,59.86
161,155.51,59.79
160,155.61,59.72
148,155.72,59.65
151,155.82,59.58
155,155.93,59.51
148,156.03,59.44
161,156.14,59.37
177,156.24,59.29
150,156.35,59.22
144,156.45,59.15
173,156.56,59.08
150,156.66,59.01
147,156.76,58.94
159,156.87,58.87
156,156.97,58.8
152,157.08,58.73
161,157.18,58.66
158,157.28,58.58
162,157.39,58.51
145,157.49,58.44
141,157.59,58.37
158,157.7,58.3
164,157.8,58.23
159,157.9,58.16
165,158,58.09
152,158.11,58.02
156,158.21,57.95
150,158.31,57.87
147,158.41,57.8
158,158.51,57.73
157,158.62,57.66
169,158.72,57.59
157,158.82,57.52
154,158.92,57.45
173,159.02,57.38
170,159.12,57.31
156,159.23,57.24
169,159.33,57.16
141,159.43,57.09
170,159.53,57.02
175,159.63,56.95
139,159.73,56.88
168,159.83,56.81
161,159.93,56.74
159,160.03,56.67
160,160.13,56.6
151,160.23,56.53
165,160.33,56.45
169,160.43,56.38
147,160.53,56.31
157,160.63,56.24
164,160.73,56.17
171,160.83,56.1
160,160.93,56.03
156,161.03,55.96
140,161.12,55.89
158,161.22,55.82
166,161.32,55.74
154,161.42,55.67
157,161.52,55.6
155,161.62,55.53
158,161.72,55.46
158,161.81,55.39
146,161.91,55.32
146,162.01,55.25
163,162.11,55.18
161,162.2,55.1
145,162.3,55.03
128,162.4,54.96
171,162.49,54.89
154,162.59,54.82
145,162.69,54.75
147,162.78,54.68
135,162.88,54.61
142,162.98,54.54
147,163.07,54.47
153,163.17,54.4
130,163.26,54.33
133,163.36,54.25
137,163.46,54.18
149,163.55,54.11
151,163.65,54.04
140,163.74,53.97
140,163.84,53.9
140,163.93,53.83
147,164.03,53.76
138,164.12,53.69
149,164.22,53.62
146,164.31,53.54
144,164.41,53.47
151,164.5,53.4
148,164.6,53.33
135,164.69,53.26
139,164.78,53.19
132,164.88,53.12
148,164.97,53.05
130,165.06,52.98
146,165.16,52.91
144,165.25,52.84
142,165.35,52.76
132,165.44,52.69
118,165.53,52.62
133,165.62,52.55
148,165.72,52.48
141,165.81,52.41
141,165.9,52.34
112,165.99,52.27
131,166.09,52.2
114,166.18,52.13
130,166.27,52.05
142,166.36,51.98
134,166.45,51.91
145,166.55,51.84
103,166.64,51.77
134,166.73,51.7
114,166.82,51.63
120,166.91,51.56
142,167,51.49
149,167.09,51.42
137,167.18,51.34
126,167.28,51.27
126,167.37,51.2
127,167.46,51.13
128,167.55,51.06
102,167.64,50.99
132,167.73,50.92
143,167.82,50.85
114,167.91,50.78
139,168,50.71
123,168.09,50.63
116,168.17,50.56
103,168.26,50.49
119,168.35,50.42
123,168.44,50.35
120,168.53,50.28
141,168.62,50.21
125,168.71,50.14
121,168.8,50.07
98,168.88,50
110,168.97,49.93
115,169.06,49.86
129,169.15,49.78
112,169.24,49.71
110,169.32,49.64
104,169.41,49.57
103,169.5,49.5
127,169.59,49.43
101,169.67,49.36
116,169.76,49.29
111,169.85,49.22
110,169.93,49.14
95,170.02,49.07
124,170.11,49.01
101,170.19,48.93
108,170.28,48.86
96,170.36,48.79
109,170.45,48.72
125,170.54,48.65
107,170.62,48.58
129,170.71,48.51
94,170.79,48.44
109,170.88,48.37
83,170.96,48.3
118,171.05,48.23
99,171.13,48.16
116,171.21,48.09
82,171.3,48.02
103,171.38,47.95
94,171.47,47.88
100,171.55,47.81
107,171.63,47.74
95,171.72,47.67
114,171.8,47.59
89,171.88,47.53
114,171.97,47.45
111,172.05,47.38
117,172.13,47.31
113,172.22,47.24
113,172.3,47.17
95,172.38,47.1
134,172.47,47.03
88,172.55,46.96
113,172.63,46.89
101,172.71,46.82
121,172.8,46.75
109,172.88,46.68
120,172.96,46.61
114,173.04,46.53
105,173.12,46.46
116,173.21,46.39
107,173.29,46.32
113,173.37,46.25
131,173.45,46.18
118,173.53,46.11
120,173.62,46.04
113,173.7,45.97
137,173.78,45.9
122,173.86,45.82
125,173.94,45.75
117,174.02,45.68
123,174.1,45.61
88,174.18,45.54
103,174.26,45.47
126,174.34,45.4
119,174.42,45.33
140,174.5,45.26
115,174.58,45.19
110,174.66,45.12
120,174.74,45.04
114,174.82,44.97
111,174.9,44.9
115,174.98,44.83
126,175.06,44.76
108,175.13,44.69
116,175.21,44.62
129,175.29,44.55
121,175.37,44.48
107,175.45,44.41
125,175.53,44.34
105,175.61,44.27
115,175.69,44.19
113,175.76,44.12
118,175.84,44.05
103,175.92,43.98
111,176,43.91
122,176.07,43.84
106,176.15,43.77
123,176.23,43.7
102,176.31,43.63
104,176.38,43.56
109,176.46,43.48
109,176.54,43.41
99,176.61,43.34
119,176.69,43.27
112,176.76,43.2
122,176.84,43.13
110,176.92,43.06
114,176.99,42.99
105,177.07,42.92
107,177.14,42.85
114,177.22,42.78
117,177.3,42.71
108,177.37,42.63
94,177.44,42.56
103,177.52,42.49
100,177.59,42.42
124,177.67,42.35
111,177.74,42.28
116,177.82,42.21
101,177.89,42.14
97,177.97,42.07
100,178.04,42
113,178.11,41.93
109,178.19,41.86
105,178.26,41.79
113,178.34,41.71
106,178.41,41.64
115,178.48,41.57
92,178.56,41.5
106,178.63,41.43
92,178.7,41.36
101,178.77,41.29
86,178.84,41.22
95,178.92,41.15
88,178.99,41.08
106,179.06,41.01
113,179.13,40.94
98,179.2,40.87
120,179.27,40.8
85,179.34,40.73
114,179.42,40.66
101,179.49,40.59
114,179.56,40.52
107,179.63,40.45
99,179.7,40.38
93,179.77,40.31
88,179.84,40.24
88,179.91,40.17
90,179.98,40.1
94,180.05,40.03
100,180.12,39.96
105,180.19,39.89
82,180.26,39.82
93,180.33,39.75
95,180.4,39.68
72,180.47,39.61
96,180.53,39.54
97,180.6,39.47
93,180.67,39.4
76,180.74,39.33
82,180.81,39.26
90,180.87,39.19
85,180.94,39.12
91,181.01,39.06
83,181.08,38.99
91,181.14,38.92
86,181.21,38.85
67,181.28,38.78
79,181.34,38.71
88,181.41,38.64
80,181.48,38.57
88,181.55,38.5
81,181.61,38.43
72,181.68,38.36
62,181.74,38.29
99,181.81,38.22
86,181.88,38.15
64,181.94,38.08
75,182.01,38.01
72,182.07,37.94
67,182.14,37.87
89,182.2,37.81
61,182.27,37.74
72,182.33,37.67
77,182.4,37.6
85,182.46,37.53
79,182.53,37.46
97,182.59,37.39
83,182.66,37.32
66,182.72,37.25
82,182.79,37.18
82,182.85,37.11
84,182.92,37.04
83,182.98,36.97
53,183.04,36.9
89,183.11,36.83
60,183.17,36.76
92,183.23,36.69
79,183.3,36.63
63,183.36,36.56
66,183.42,36.49
76,183.49,36.42
53,183.55,36.35
89,183.61,36.28
61,183.68,36.21
61,183.74,36.14
68,183.8,36.07
53,183.86,36
75,183.92,35.93
68,183.99,35.86
88,184.05,35.79
68,184.11,35.72
48,184.17,35.65
84,184.23,35.58
51,184.3,35.51
47,184.36,35.44
72,184.42,35.37
70,184.48,35.31
68,184.54,35.24
75,184.6,35.17
71,184.66,35.1
63,184.72,35.03
67,184.78,34.96
52,184.84,34.89
65,184.9,34.82
68,184.96,34.75
74,185.02,34.68
70,185.08,34.61
66,185.14,34.54
55,185.2,34.47
77,185.26,34.4
63,185.32,34.33
66,185.38,34.26
56,185.44,34.19
60,185.5,34.13
46,185.56,34.06
38,185.62,33.99
39,185.67,33.92
78,185.73,33.85
50,185.79,33.78
31,185.85,33.71
67,185.91,33.64
51,185.97,33.57
50,186.02,33.5
45,186.08,33.43
37,186.14,33.36
46,186.2,33.29
59,186.25,33.22
53,186.31,33.15
63,186.37,33.08
33,186.43,33.01
46,186.48,32.95
52,186.54,32.87
55,186.6,32.81
35,186.65,32.74
38,186.71,32.67
49,186.77,32.6
17,186.82,32.53
38,186.88,32.46
43,186.94,32.39
34,186.99,32.32
58,187.05,32.25
13,187.1,32.18
17,187.16,32.11
24,187.21,32.04
27,187.27,31.97
34,187.32,31.9
34,187.38,31.83
21,187.43,31.76
36,187.49,31.69
14,187.54,31.62
0,187.6,31.56
17,187.65,31.49
25,187.71,31.42
11,187.76,31.35
59,187.82,31.28
0,187.87,31.21
2,187.92,31.14
30,187.97,31.07
11,188.03,31
2,188.08,30.94
19,188.13,30.87
7,188.19,30.8
1,188.24,30.73
12,188.29,30.66
0,188.34,30.59
0,188.39,30.53
19,188.45,30.46
0,188.5,30.39
0,188.55,30.32
36,188.6,30.25
39,188.65,30.18
0,188.71,30.11
33,188.76,30.04
49,188.81,29.98
0,188.86,29.91
35,188.91,29.84
57,188.96,29.77
0,189.01,29.7
62,189.06,29.63
42,189.11,29.56
0,189.16,29.5
0,189.21,29.43
52,189.27,29.36
0,189.32,29.29
0,189.36,29.22
66,189.41,29.15
0,189.46,29.08
0,189.51,29.02
88,189.56,28.95
20,189.61,28.88
0,189.66,28.81
102,189.71,28.74
0,189.76,28.67
0,189.81,28.6
0,189.86,28.54
0,189.91,28.47
0,189.95,28.4
0,190,28.33
104,190.05,28.26
0,190.1,28.19
15,190.15,28.12
83,190.2,28.05
0,190.24,27.99
0,190.29,27.92
21,190.34,27.85
0,190.39,27.78
0,190.43,27.71
55,190.48,27.64
51,190.53,27.58
0,190.58,27.51
0,190.62,27.44
8,190.67,27.37
0,190.71,27.3
0,190.76,27.24
64,190.81,27.17
6,190.85,27.1
0,190.9,27.03
0,190.94,26.96
0,190.99,26.89
0,191.04,26.83
0,191.08,26.76
22,191.13,26.69
0,191.17,26.62
0,191.22,26.55
0,191.26,26.48
11,191.31,26.42
0,191.35,26.35
0,191.4,26.28
3,191.44,26.21
19,191.49,26.14
0,191.53,26.07
0,191.57,26.01
5,191.62,25.94
15,191.66,25.87
0,191.71,25.8
0,191.75,25.73
0,191.79,25.67
0,191.84,25.6
0,191.88,25.53
21,191.92,25.46
0,191.97,25.39
0,192.01,25.33
0,192.05,25.26
7,192.1,25.19
0,192.14,25.12
0,192.18,25.05
0,192.22,24.99
0,192.26,24.92
0,192.31,24.85
0,192.35,24.78
0,192.39,24.71
0,192.43,24.65
0,192.47,24.58
0,192.52,24.51
0,192.56,24.44
0,192.6,24.37
0,192.64,24.31
0,192.68,24.24
0,192.72,24.17
0,192.76,24.1
0,192.8,24.04
0,192.84,23.97
0,192.88,23.9
0,192.92,23.83
0,192.96,23.76
0,193,23.7
0,193.04,23.63
0,193.08,23.56
0,193.12,23.49
0,193.16,23.42
0,193.2,23.36
0,193.24,23.29
0,193.28,23.22
0,193.32,23.16
0,193.36,23.09
0,193.4,23.02
0,193.44,22.95
0,193.48,22.88
0,193.51,22.82
0,193.55,22.75
0,193.59,22.68
0,193.63,22.61
0,193.67,22.54
0,193.71,22.48
0,193.74,22.41
0,193.78,22.34
0,193.82,22.27
0,193.86,22.2
0,193.89,22.14
0,193.93,22.07
0,193.97,22
0,194.01,21.93
0,194.04,21.87
0,194.08,21.8
0,194.12,21.73
0,194.15,21.66
0,194.19,21.59
0,194.23,21.53
0,194.26,21.46
0,194.3,21.39
0,194.33,21.32
0,194.37,21.25
0,194.41,21.19
0,194.44,21.12
0,194.48,21.05
0,194.51,20.98
0,194.55,20.91
0,194.58,20.85
0,194.62,20.78
0,194.65,20.71
0,194.69,20.64
0,194.72,20.58
0,194.76,20.51
0,194.79,20.44
0,194.83,20.37
0,194.86,20.3
0,194.9,20.24
0,194.93,20.17
0,194.97,20.1
0,195,20.03
0,195.03,19.96
0,195.07,19.9
0,195.1,19.83
0,195.13,19.76
0,195.17,19.69
0,195.2,19.63
0,195.23,19.56
0,195.27,19.49
0,195.3,19.42
0,195.33,19.35
0,195.36,19.29
0,195.4,19.22
0,195.43,19.15
0,195.46,19.08
0,195.49,19.01
0,195.53,18.95
0,195.56,18.88
0,195.59,18.81
0,195.62,18.74
0,195.65,18.67
0,195.68,18.61
0,195.72,18.54
0,195.75,18.47
0,195.78,18.4
0,195.81,18.33
0,195.84,18.27
0,195.87,18.2
0,195.9,18.13
0,195.93,18.06
0,195.96,18
0,195.99,17.93
0,196.02,17.86
0,196.05,17.79
0,196.08,17.73
0,196.11,17.66
0,196.14,17.59
0,196.17,17.52
0,196.2,17.46
0,196.23,17.39
0,196.26,17.32
0,196.29,17.25
0,196.32,17.18
0,196.35,17.12
0,196.38,17.05
0,196.41,16.98
0,196.43,16.91
0,196.46,16.84
0,196.49,16.78
0,196.52,16.71
0,196.55,16.64
0,196.58,16.57
0,196.6,16.5
0,196.63,16.44
0,196.66,16.37
0,196.69,16.3
0,196.71,16.23
0,196.74,16.16
0,196.77,16.1
0,196.8,16.03
0,196.82,15.96
0,196.85,15.89
0,196.88,15.83
0,196.9,15.76
0,196.93,15.69
0,196.96,15.62
0,196.98,15.55
0,197.01,15.49
0,197.04,15.42
0,197.06,15.35
0,197.09,15.28
0,197.11,15.22
0,197.14,15.15
0,197.16,15.08
0,197.19,15.01
0,197.21,14.94
0,197.24,14.88
0,197.27,14.81
0,197.29,14.74
0,197.32,14.67
0,197.34,14.6
0,197.36,14.54
0,197.39,14.47
0,197.41,14.4
0,197.44,14.33
0,197.46,14.26
0,197.49,14.2
0,197.51,14.13
0,197.53,14.06
0,197.56,13.99
0,197.58,13.92
0,197.6,13.86
0,197.63,13.79
0,197.65,13.72
0,197.67,13.65
0,197.7,13.58
0,197.72,13.52
0,197.74,13.45
0,197.77,13.38
0,197.79,13.31
0,197.81,13.24
0,197.83,13.18
0,197.86,13.11
0,197.88,13.04
0,197.9,12.98
0,197.92,12.91
0,197.94,12.84
0,197.97,12.77
0,197.99,12.7
0,198.01,12.64
0,198.03,12.57
0,198.05,12.5
0,198.07,12.43
0,198.09,12.36
0,198.11,12.3
0,198.13,12.23
0,198.15,12.16
0,198.18,12.09
0,198.2,12.03
0,198.22,11.96
0,198.24,11.89
0,198.26,11.82
0,198.28,11.75
0,198.3,11.69
0,198.32,11.62
0,198.34,11.55
0,198.35,11.48
0,198.37,11.41
0,198.39,11.35
0,198.41,11.28
0,198.43,11.21
0,198.45,11.14
0,198.47,11.07
0,198.49,11.01
0,198.51,10.94
0,198.52,10.87
0,198.54,10.8
0,198.56,10.73
0,198.58,10.67
0,198.6,10.6
0,198.62,10.53
0,198.63,10.46
0,198.65,10.39
0,198.67,10.33
0,198.69,10.26
0,198.7,10.19
0,198.72,10.12
0,198.74,10.06
0,198.75,9.99
0,198.77,9.92
0,198.79,9.85
0,198.8,9.79
0,198.82,9.72
0,198.84,9.65
0,198.85,9.59
0,198.87,9.52
0,198.88,9.46
0,198.9,9.39
0,198.91,9.32
0,198.93,9.26
0,198.94,9.19
0,198.96,9.12
0,198.98,9.06
0,198.99,8.99
0,199.01,8.92
0,199.02,8.86
0,199.03,8.79
0,199.05,8.72
0,199.06,8.66
0,199.08,8.59
0,199.09,8.53
0,199.11,8.46
0,199.12,8.39
0,199.13,8.33
0,199.15,8.26
0,199.16,8.19
0,199.17,8.13
0,199.19,8.06
0,199.2,7.99
0,199.21,7.93
0,199.23,7.86
0,199.24,7.79
0,199.25,7.73
0,199.27,7.66
0,199.28,7.59
0,199.29,7.53
0,199.3,7.46
0,199.32,7.39
0,199.33,7.33
0,199.34,7.26
0,199.35,7.19
0,199.36,7.13
0,199.38,7.06
0,199.39,6.99
0,199.4,6.93
0,199.41,6.86
0,199.42,6.79
0,199.43,6.73
0,199.44,6.66
0,199.46,6.59
0,199.47,6.53
0,199.48,6.46
0,199.49,6.39
0,199.5,6.33
0,199.51,6.26
0,199.52,6.19
0,199.53,6.13
0,199.54,6.06
0,199.55,5.99
0,199.56,5.93
0,199.57,5.86
0,199.58,5.79
0,199.59,5.73
0,199.6,5.66
0,199.61,5.59
0,199.62,5.53
0,199.63,5.46
0,199.64,5.39
0,199.64,5.33
0,199.65,5.26
0,199.66,5.19
0,199.67,5.13
0,199.68,5.06
0,199.69,4.99
0,199.7,4.93
0,199.7,4.86
0,199.71,4.8
0,199.72,4.73
0,199.73,4.66
0,199.73,4.6
0,199.74,4.53
0,199.75,4.46
0,199.76,4.4
0,199.76,4.33
0,199.77,4.26
0,199.78,4.2
0,199.79,4.13
0,199.79,4.06
0,199.8,4
0,199.81,3.93
0,199.81,3.86
0,199.82,3.8
0,199.82,3.73
0,199.83,3.66
0,199.84,3.6
0,199.84,3.53
0,199.85,3.47
0,199.85,3.4
0,199.86,3.33
0,199.87,3.27
0,199.87,3.2
0,199.88,3.13
0,199.88,3.07
0,199.89,3
0,199.89,2.93
0,199.9,2.87
0,199.9,2.8
0,199.91,2.74
0,199.91,2.67
0,199.91,2.6
0,199.92,2.54
0,199.92,2.47
0,199.93,2.4
0,199.93,2.34
0,199.93,2.27
0,199.94,2.2
0,199.94,2.14
0,199.95,2.07
0,199.95,2
0,199.95,1.94
0,199.96,1.87
0,199.96,1.81
0,199.96,1.74
0,199.96,1.67
0,199.97,1.61
0,199.97,1.54
0,199.97,1.47
0,199.97,1.41
0,199.98,1.34
0,199.98,1.27
0,199.98,1.21
0,199.98,1.14
0,199.98,1.08
0,199.99,1.01
0,199.99,0.94
0,199.99,0.88
0,199.99,0.81
0,199.99,0.75
0,199.99,0.68
0,199.99,0.61
0,200,0.55
0,200,0.48
0,200,0.42
0,200,0.35
0,200,0.29
0,200,0.22
0,200,0.16
0,200,0.09
0,200,0.03
0,200,0
0,200,0
0,200,0
0,200,0
0,200,0
0,200,0
0,200,0
0,200,0
0,200,0
0,200,-0.06
0,200,-0.12
0,200,-0.19
0,200,-0.25
0,200,-0.32
0,200,-0.39
0,200,-0.45
0,200,-0.52
0,200,-0.59
0,199.99,-0.65
0,199.99,-0.72
0,199.99,-0.79
0,199.99,-0.85
0,199.99,-0.92
0,199.99,-0.99
0,199.99,-1.05
0,199.98,-1.12
0,199.98,-1.18
0,199.98,-1.25
0,199.98,-1.32
0,199.98,-1.38
0,199.97,-1.45
0,199.97,-1.52
0,199.97,-1.58
0,199.97,-1.65
0,199.96,-1.72
0,199.96,-1.78
0,199.96,-1.85
0,199.95,-1.92
0,199.95,-1.98
0,199.95,-2.05
0,199.94,-2.12
0,199.94,-2.18
0,199.94,-2.25
0,199.93,-2.32
0,199.93,-2.38
0,199.93,-2.45
0,199.92,-2.52
0,199.92,-2.58
0,199.91,-2.65
0,199.91,-2.72
0,199.9,-2.78
0,199.9,-2.85
0,199.9,-2.92
0,199.89,-2.98
0,199.89,-3.05
0,199.88,-3.12
0,199.88,-3.18
0,199.87,-3.25
0,199.86,-3.32
0,199.86,-3.38
0,199.85,-3.45
0,199.85,-3.52
0,199.84,-3.58
0,199.84,-3.65
0,199.83,-3.72
0,199.82,-3.78
0,199.82,-3.85
0,199.81,-3.92
0,199.8,-3.98
0,199.8,-4.05
0,199.79,-4.12
0,199.78,-4.18
0,199.78,-4.25
0,199.77,-4.32
0,199.76,-4.38
0,199.76,-4.45
0,199.75,-4.52
0,199.74,-4.58
0,199.73,-4.65
0,199.72,-4.72
0,199.72,-4.78
0,199.71,-4.85
0,199.7,-4.92
0,199.69,-4.98
0,199.68,-5.05
0,199.68,-5.12
0,199.67,-5.18
0,199.66,-5.25
0,199.65,-5.32
0,199.64,-5.38
0,199.63,-5.45
0,199.62,-5.52
0,199.61,-5.58
0,199.6,-5.65
0,199.6,-5.72
0,199.59,-5.78
0,199.58,-5.85
0,199.57,-5.92
0,199.56,-5.99
0,199.55,-6.05
0,199.54,-6.12
0,199.53,-6.19
0,199.52,-6.25
0,199.51,-6.32
0,199.5,-6.39
0,199.48,-6.45
0,199.47,-6.52
0,199.46,-6.59
0,199.45,-6.65
0,199.44,-6.72
0,199.43,-6.79
0,199.42,-6.85
0,199.41,-6.92
0,199.4,-6.99
0,199.38,-7.05
0,199.37,-7.12
0,199.36,-7.19
0,199.35,-7.25
0,199.34,-7.32
0,199.32,-7.39
0,199.31,-7.45
0,199.3,-7.52
0,199.29,-7.59
0,199.27,-7.65
0,199.26,-7.72
0,199.25,-7.79
0,199.24,-7.85
0,199.22,-7.92
0,199.21,-7.99
0,199.2,-8.05
0,199.18,-8.12
0,199.17,-8.19
0,199.16,-8.25
0,199.14,-8.32
0,199.13,-8.39
0,199.11,-8.46
0,199.1,-8.52
0,199.09,-8.59
0,199.07,-8.66
0,199.06,-8.72
0,199.04,-8.79
0,199.03,-8.85
0,199.01,-8.92
0,199,-8.99
0,198.98,-9.05
0,198.97,-9.12
0,198.95,-9.19
0,198.94,-9.25
0,198.92,-9.32
0,198.91,-9.39
0,198.89,-9.45
0,198.88,-9.52
0,198.86,-9.59
0,198.84,-9.65
0,198.83,-9.72
0,198.81,-9.79
0,198.8,-9.85
0,198.78,-9.92
0,198.76,-9.99
0,198.75,-10.05
0,198.73,-10.12
0,198.71,-10.19
0,198.69,-10.26
0,198.68,-10.33
0,198.66,-10.4
0,198.64,-10.46
0,198.62,-10.53
0,198.61,-10.6
0,198.59,-10.67
0,198.57,-10.74
0,198.55,-10.81
0,198.53,-10.87
0,198.51,-10.94
0,198.5,-11.01
0,198.48,-11.08
0,198.46,-11.15
0,198.44,-11.22
0,198.42,-11.29
0,198.4,-11.35
0,198.38,-11.42
0,198.36,-11.49
0,198.34,-11.56
0,198.32,-11.63
0,198.3,-11.7
0,198.28,-11.76
0,198.26,-11.83
0,198.24,-11.9
0,198.22,-11.97
0,198.2,-12.04
0,198.18,-12.11
0,198.16,-12.17
0,198.14,-12.24
0,198.12,-12.31
0,198.1,-12.38
0,198.08,-12.45
0,198.06,-12.51
0,198.04,-12.58
0,198.01,-12.65
0,197.99,-12.72
0,197.97,-12.79
0,197.95,-12.86
0,197.93,-12.92
0,197.91,-12.99
0,197.88,-13.06
0,197.86,-13.13
0,197.84,-13.2
0,197.82,-13.27
0,197.79,-13.34
0,197.77,-13.4
0,197.75,-13.47
0,197.72,-13.54
0,197.7,-13.61
0,197.68,-13.68
0,197.66,-13.75
0,197.63,-13.81
0,197.61,-13.88
0,197.58,-13.95
0,197.56,-14.02
0,197.54,-14.09
0,197.51,-14.16
0,197.49,-14.22
0,197.46,-14.29
0,197.44,-14.36
0,197.42,-14.43
0,197.39,-14.5
0,197.37,-14.57
0,197.34,-14.63
0,197.32,-14.7
0,197.29,-14.77
0,197.27,-14.84
0,197.24,-14.91
0,197.22,-14.98
0,197.19,-15.04
0,197.17,-15.11
0,197.14,-15.18
0,197.11,-15.25
0,197.09,-15.32
0,197.06,-15.39
0,197.04,-15.45
0,197.01,-15.52
0,196.98,-15.59
0,196.96,-15.66
0,196.93,-15.73
0,196.9,-15.8
0,196.88,-15.86
0,196.85,-15.93
0,196.82,-16
0,196.79,-16.07
0,196.77,-16.14
0,196.74,-16.21
0,196.71,-16.27
0,196.68,-16.34
0,196.66,-16.41
0,196.63,-16.48
0,196.6,-16.55
0,196.57,-16.62
0,196.54,-16.68
0,196.52,-16.75
0,196.49,-16.82
0,196.46,-16.89
0,196.43,-16.96
0,196.4,-17.03
0,196.37,-17.09
0,196.34,-17.16
0,196.31,-17.23
0,196.28,-17.3
0,196.26,-17.37
0,196.23,-17.44
0,196.2,-17.5
0,196.17,-17.57
0,196.14,-17.64
0,196.11,-17.71
0,196.08,-17.78
0,196.05,-17.85
0,196.02,-17.91
0,195.99,-17.98
0,195.95,-18.05
0,195.92,-18.12
0,195.89,-18.19
0,195.86,-18.26
0,195.83,-18.32
0,195.8,-18.39
0,195.77,-18.46
0,195.74,-18.53
0,195.71,-18.6
0,195.67,-18.66
0,195.64,-18.73
0,195.61,-18.8
0,195.58,-18.87
0,195.55,-18.94
0,195.51,-19.01
0,195.48,-19.07
0,195.45,-19.14
0,195.42,-19.21
0,195.38,-19.28
0,195.35,-19.35
0,195.32,-19.42
0,195.29,-19.48
0,195.25,-19.55
0,195.22,-19.62
8,195.19,-19.69
0,195.15,-19.76
0,195.12,-19.83
0,195.08,-19.89
0,195.05,-19.96
17,195.02,-20.03
0,194.98,-20.1
0,194.95,-20.17
3,194.91,-20.24
23,194.88,-20.31
23,194.84,-20.38
0,194.81,-20.45
0,194.77,-20.51
0,194.74,-20.58
32,194.7,-20.65
0,194.67,-20.72
0,194.63,-20.79
11,194.6,-20.86
11,194.56,-20.93
44,194.52,-21
0,194.49,-21.07
7,194.45,-21.13
17,194.42,-21.2
45,194.38,-21.27
0,194.34,-21.34
6,194.31,-21.41
16,194.27,-21.48
54,194.23,-21.55
0,194.19,-21.62
0,194.16,-21.69
0,194.12,-21.76
30,194.08,-21.83
44,194.05,-21.9
0,194.01,-21.97
4,193.97,-22.03
32,193.93,-22.1
56,193.89,-22.17
3,193.86,-22.24
13,193.82,-22.31
25,193.78,-22.38
52,193.74,-22.45
0,193.7,-22.52
32,193.66,-22.59
42,193.62,-22.66
60,193.58,-22.73
14,193.54,-22.8
25,193.5,-22.87
48,193.46,-22.94
73,193.42,-23.01
13,193.38,-23.08
20,193.34,-23.15
49,193.3,-23.22
69,193.26,-23.29
13,193.22,-23.36
22,193.18,-23.43
55,193.14,-23.5
74,193.1,-23.57
17,193.06,-23.64
32,193.02,-23.71
63,192.98,-23.78
87,192.94,-23.85
40,192.89,-23.92
27,192.85,-23.99
65,192.81,-24.06
92,192.77,-24.13
22,192.73,-24.2
31,192.69,-24.27
65,192.64,-24.34
91,192.6,-24.41
47,192.56,-24.48
44,192.52,-24.55
61,192.47,-24.62
92,192.43,-24.69
47,192.39,-24.76
66,192.34,-24.83
100,192.3,-24.9
41,192.26,-24.97
51,192.21,-25.04
70,192.17,-25.11
104,192.12,-25.18
65,192.08,-25.25
41,192.04,-25.32
74,191.99,-25.39
103,191.95,-25.46
58,191.9,-25.53
83,191.86,-25.6
112,191.81,-25.67
56,191.77,-25.74
51,191.72,-25.81
85,191.68,-25.88
116,191.63,-25.95
63,191.59,-26.02
94,191.54,-26.09
122,191.5,-26.16
81,191.45,-26.23
64,191.4,-26.3
93,191.36,-26.37
121,191.31,-26.45
63,191.27,-26.52
83,191.22,-26.59
129,191.17,-26.66
78,191.13,-26.73
64,191.08,-26.8
90,191.03,-26.87
130,190.99,-26.94
90,190.94,-27.01
94,190.89,-27.08
144,190.84,-27.15
91,190.8,-27.22
79,190.75,-27.29
98,190.7,-27.36
101,190.65,-27.43
94,190.61,-27.5
111,190.56,-27.57
138,190.51,-27.64
85,190.46,-27.71
103,190.41,-27.78
143,190.36,-27.86
96,190.31,-27.93
94,190.26,-28
144,190.21,-28.07
103,190.16,-28.14
88,190.11,-28.21
109,190.06,-28.28
92,190.02,-28.35
103,189.97,-28.42
113,189.91,-28.49
143,189.86,-28.56
83,189.81,-28.63
120,189.76,-28.71
172,189.71,-28.78
120,189.66,-28.85
131,189.61,-28.92
169,189.56,-28.99
109,189.51,-29.06
95,189.46,-29.13
175,189.4,-29.2
117,189.35,-29.28
111,189.3,-29.35
167,189.25,-29.42
113,189.2,-29.49
120,189.14,-29.56
179,189.09,-29.63
116,189.04,-29.7
120,188.99,-29.77
152,188.93,-29.85
123,188.88,-29.92
128,188.83,-29.99
138,188.77,-30.06
139,188.72,-30.13
105,188.67,-30.2
131,188.61,-30.28
135,188.56,-30.35
110,188.5,-30.42
139,188.45,-30.49
139,188.4,-30.56
96,188.34,-30.63
128,188.29,-30.7
152,188.23,-30.77
93,188.18,-30.84
197,188.13,-30.92
147,188.07,-30.99
95,188.02,-31.06
207,187.96,-31.13
156,187.91,-31.2
99,187.85,-31.27
203,187.8,-31.34
163,187.74,-31.41
90,187.69,-31.48
216,187.63,-31.55
176,187.57,-31.62
109,187.52,-31.7
208,187.46,-31.77
178,187.4,-31.84
97,187.35,-31.91
208,187.29,-31.98
108,187.24,-32.05
97,187.18,-32.12
199,187.12,-32.19
113,187.07,-32.26
98,187.01,-32.33
219,186.95,-32.41
103,186.89,-32.48
186,186.84,-32.55
219,186.78,-32.62
109,186.72,-32.69
175,186.66,-32.76
225,186.6,-32.83
79,186.55,-32.9
178,186.49,-32.98
124,186.43,-33.05
87,186.37,-33.12
236,186.31,-33.19
136,186.25,-33.26
169,186.2,-33.33
226,186.14,-33.4
146,186.08,-33.47
174,186.02,-33.55
231,185.96,-33.62
119,185.9,-33.69
183,185.84,-33.76
159,185.78,-33.83
119,185.72,-33.9
202,185.66,-33.97
179,185.6,-34.05
175,185.54,-34.12
225,185.48,-34.19
124,185.41,-34.26
161,185.35,-34.33
200,185.29,-34.4
120,185.23,-34.47
208,185.17,-34.55
142,185.11,-34.62
154,185.05,-34.69
216,184.99,-34.76
141,184.92,-34.83
187,184.86,-34.9
210,184.8,-34.98
155,184.74,-35.05
182,184.68,-35.12
153,184.61,-35.19
154,184.55,-35.26
230,184.49,-35.33
153,184.42,-35.4
179,184.36,-35.48
163,184.3,-35.55
158,184.24,-35.62
236,184.17,-35.69
172,184.11,-35.76
171,184.04,-35.83
187,183.98,-35.9
171,183.92,-35.98
225,183.85,-36.05
202,183.79,-36.12
154,183.73,-36.19
201,183.66,-36.26
175,183.6,-36.33
214,183.53,-36.4
195,183.47,-36.48
154,183.4,-36.55
192,183.34,-36.62
188,183.27,-36.69
206,183.21,-36.76
195,183.14,-36.83
185,183.08,-36.9
198,183.01,-36.98
195,182.94,-37.05
198,182.88,-37.12
208,182.81,-37.19
171,182.75,-37.26
203,182.68,-37.33
177,182.61,-37.4
198,182.55,-37.48
196,182.48,-37.55
201,182.41,-37.62
205,182.35,-37.69
172,182.28,-37.76
197,182.21,-37.83
193,182.15,-37.9
212,182.08,-37.97
195,182.01,-38.05
170,181.94,-38.12
208,181.88,-38.19
184,181.81,-38.26
208,181.74,-38.33
197,181.67,-38.4
225,181.6,-38.48
199,181.54,-38.55
190,181.47,-38.62
207,181.4,-38.69
189,181.33,-38.76
207,181.26,-38.83
217,181.19,-38.9
234,181.12,-38.97
210,181.05,-39.05
188,180.98,-39.12
219,180.91,-39.19
189,180.84,-39.26
223,180.77,-39.33
199,180.7,-39.4
217,180.64,-39.47
215,180.56,-39.55
197,180.49,-39.62
212,180.42,-39.69
201,180.35,-39.76
207,180.28,-39.83
215,180.21,-39.9
237,180.14,-39.97
211,180.07,-40.05
241,180,-40.12
238,179.93,-40.19
190,179.86,-40.26
233,179.78,-40.33
216,179.71,-40.4
226,179.64,-40.48
227,179.57,-40.55
224,179.5,-40.62
223,179.42,-40.69
235,179.35,-40.76
214,179.28,-40.83
198,179.21,-40.9
237,179.13,-40.97
201,179.06,-41.05
236,178.99,-41.12
222,178.92,-41.19
228,178.84,-41.26
236,178.77,-41.33
237,178.7,-41.4
235,178.62,-41.47
258,178.55,-41.55
230,178.47,-41.62
198,178.4,-41.69
238,178.33,-41.76
200,178.25,-41.83
229,178.18,-41.9
214,178.1,-41.97
239,178.03,-42.05
227,177.95,-42.12
244,177.88,-42.19
232,177.8,-42.26
232,177.73,-42.33
229,177.65,-42.4
228,177.58,-42.47
230,177.5,-42.55
238,177.43,-42.62
231,177.35,-42.69
222,177.28,-42.76
236,177.2,-42.83
232,177.12,-42.9
232,177.05,-42.97
200,176.97,-43.05
222,176.89,-43.12
219,176.82,-43.19
227,176.74,-43.26
210,176.66,-43.33
251,176.59,-43.4
237,176.51,-43.47
239,176.43,-43.55
235,176.36,-43.62
236,176.28,-43.69
242,176.2,-43.76
265,176.12,-43.83
228,176.05,-43.9
233,175.97,-43.97
248,175.89,-44.05
228,175.81,-44.12
239,175.73,-44.19
248,175.65,-44.26
219,175.57,-44.33
250,175.5,-44.4
239,175.42,-44.47
236,175.34,-44.55
234,175.26,-44.62
217,175.18,-44.69
244,175.1,-44.76
213,175.02,-44.83
251,174.94,-44.9
213,174.86,-44.97
249,174.78,-45.04
222,174.7,-45.12
245,174.62,-45.19
227,174.54,-45.26
250,174.46,-45.33
208,174.38,-45.4
239,174.3,-45.47
226,174.22,-45.54
245,174.14,-45.62
211,174.06,-45.69
264,173.98,-45.76
220,173.89,-45.83
247,173.81,-45.9
243,173.73,-45.97
244,173.65,-46.04
244,173.57,-46.12
246,173.48,-46.19
242,173.4,-46.26
259,173.32,-46.33
244,173.24,-46.4
252,173.16,-46.47
258,173.07,-46.55
254,172.99,-46.62
267,172.91,-46.69
247,172.82,-46.76
257,172.74,-46.83
264,172.66,-46.9
256,172.57,-46.97
257,172.49,-47.05
255,172.41,-47.12
228,172.32,-47.19
263,172.24,-47.26
246,172.16,-47.33
251,172.07,-47.4
239,171.99,-47.47
253,171.9,-47.55
239,171.82,-47.62
257,171.73,-47.69
230,171.65,-47.76
256,171.56,-47.83
244,171.48,-47.9
258,171.39,-47.97
245,171.31,-48.05
244,171.22,-48.12
244,171.14,-48.19
255,171.05,-48.26
248,170.97,-48.33
255,170.88,-48.4
256,170.79,-48.47
228,170.71,-48.54
254,170.62,-48.62
221,170.54,-48.69
271,170.45,-48.76
230,170.36,-48.83
251,170.28,-48.9
250,170.19,-48.97
253,170.1,-49.05
233,170.01,-49.12
246,169.93,-49.19
246,169.84,-49.26
255,169.75,-49.33
253,169.66,-49.4
234,169.58,-49.47
251,169.49,-49.54
234,169.4,-49.62
257,169.31,-49.69
244,169.22,-49.76
244,169.14,-49.83
236,169.05,-49.9
257,168.96,-49.97
258,168.87,-50.05
227,168.78,-50.12
243,168.69,-50.19
223,168.6,-50.26
243,168.51,-50.33
241,168.42,-50.4
267,168.33,-50.47
243,168.24,-50.54
230,168.15,-50.62
238,168.06,-50.69
234,167.97,-50.76
269,167.88,-50.83
224,167.79,-50.9
252,167.7,-50.97
250,167.61,-51.04
242,167.52,-51.12
235,167.43,-51.19
252,167.34,-51.26
256,167.25,-51.33
223,167.16,-51.4
242,167.07,-51.47
237,166.98,-51.54
251,166.88,-51.62
254,166.79,-51.69
268,166.7,-51.76
257,166.61,-51.83
222,166.52,-51.9
257,166.42,-51.97
239,166.33,-52.05
257,166.24,-52.12
251,166.15,-52.19
267,166.05,-52.26
264,165.96,-52.33
234,165.87,-52.4
252,165.77,-52.47
242,165.68,-52.54
259,165.59,-52.62
249,165.49,-52.69
244,165.4,-52.76
266,165.31,-52.83
232,165.21,-52.9
264,165.12,-52.97
255,165.02,-53.04
249,164.93,-53.12
254,164.84,-53.19
215,164.74,-53.26
267,164.65,-53.33
255,164.55,-53.4
258,164.46,-53.47
245,164.36,-53.54
227,164.27,-53.62
248,164.17,-53.69
261,164.08,-53.76
272,163.98,-53.83
242,163.89,-53.9
224,163.79,-53.97
256,163.69,-54.04
252,163.6,-54.12
244,163.5,-54.19
233,163.41,-54.26
231,163.31,-54.33
265,163.21,-54.4
253,163.12,-54.47
250,163.02,-54.54
249,162.92,-54.62
235,162.82,-54.69
245,162.73,-54.76
239,162.63,-54.83
260,162.53,-54.9
238,162.44,-54.97
200,162.34,-55.04
245,162.24,-55.12
237,162.14,-55.19
258,162.04,-55.26
251,161.94,-55.33
220,161.85,-55.4
253,161.75,-55.47
245,161.65,-55.55
254,161.55,-55.62
239,161.45,-55.69
230,161.35,-55.76
256,161.25,-55.83
240,161.15,-55.9
227,161.05,-55.97
247,160.95,-56.05
240,160.86,-56.12
256,160.76,-56.19
243,160.66,-56.26
224,160.56,-56.33
249,160.45,-56.4
245,160.35,-56.47
216,160.25,-56.55
252,160.15,-56.62
242,160.05,-56.69
255,159.95,-56.76
262,159.85,-56.83
235,159.75,-56.9
251,159.65,-56.97
254,159.55,-57.05
227,159.45,-57.12
253,159.34,-57.19
253,159.24,-57.26
261,159.14,-57.33
255,159.04,-57.4
221,158.94,-57.48
261,158.83,-57.55
254,158.73,-57.62
230,158.63,-57.69
278,158.53,-57.76
252,158.42,-57.83
232,158.32,-57.9
267,158.22,-57.98
249,158.12,-58.05
268,158.01,-58.12
259,157.91,-58.19
248,157.81,-58.26
270,157.7,-58.33
260,157.6,-58.4
243,157.5,-58.47
268,157.39,-58.55
262,157.29,-58.62
237,157.18,-58.69
266,157.08,-58.76
249,156.97,-58.83
237,156.87,-58.9
274,156.77,-58.98
252,156.66,-59.05
236,156.56,-59.12
266,156.45,-59.19
249,156.34,-59.26
243,156.24,-59.33
270,156.13,-59.4
264,156.03,-59.47
249,155.92,-59.55
259,155.82,-59.62
266,155.71,-59.69
264,155.6,-59.76
257,155.5,-59.83
257,155.39,-59.9
264,155.29,-59.98
253,155.18,-60.05
267,155.07,-60.12
261,154.97,-60.19
260,154.86,-60.26
264,154.75,-60.33
257,154.64,-60.4
251,154.54,-60.48
255,154.43,-60.55
267,154.32,-60.62
253,154.21,-60.69
254,154.1,-60.76
264,154,-60.83
248,153.89,-60.9
256,153.78,-60.98
264,153.67,-61.05
251,153.56,-61.12
258,153.46,-61.19
246,153.35,-61.26
253,153.24,-61.33
255,153.13,-61.4
257,153.02,-61.48
256,152.91,-61.55
249,152.8,-61.62
244,152.69,-61.69
256,152.58,-61.76
248,152.47,-61.83
233,152.36,-61.9
266,152.25,-61.97
259,152.14,-62.05
234,152.03,-62.12
263,151.92,-62.19
262,151.81,-62.26
233,151.7,-62.33
266,151.59,-62.4
251,151.48,-62.48
254,151.37,-62.55
272,151.26,-62.62
264,151.15,-62.69
252,151.03,-62.76
243,150.92,-62.83
272,150.81,-62.9
256,150.7,-62.97
243,150.59,-63.05
270,150.48,-63.12
258,150.36,-63.19
254,150.25,-63.26
263,150.14,-63.33
252,150.02,-63.4
251,149.91,-63.48
236,149.8,-63.55
262,149.69,-63.62
265,149.57,-63.69
236,149.46,-63.76
263,149.35,-63.83
266,149.23,-63.9
256,149.12,-63.98
263,149.01,-64.05
265,148.89,-64.12
252,148.78,-64.19
243,148.66,-64.26
261,148.55,-64.33
248,148.44,-64.4
251,148.32,-64.48
263,148.21,-64.55
262,148.09,-64.62
243,147.98,-64.69
237,147.86,-64.76
256,147.75,-64.83
256,147.63,-64.9
237,147.52,-64.98
264,147.4,-65.05
253,147.29,-65.12
250,147.17,-65.19
245,147.05,-65.26
249,146.94,-65.33
250,146.82,-65.4
248,146.71,-65.47
236,146.59,-65.55
245,146.47,-65.62
246,146.36,-65.69
236,146.24,-65.76
261,146.12,-65.83
242,146.01,-65.9
244,145.89,-65.97
225,145.77,-66.05
249,145.65,-66.12
254,145.54,-66.19
252,145.42,-66.26
240,145.3,-66.33
253,145.18,-66.4
251,145.07,-66.47
224,144.95,-66.55
242,144.83,-66.62
248,144.71,-66.69
246,144.59,-66.76
224,144.47,-66.83
239,144.35,-66.9
238,144.24,-66.98
239,144.12,-67.05
231,144,-67.12
237,143.88,-67.19
235,143.76,-67.26
241,143.64,-67.33
231,143.52,-67.4
246,143.4,-67.47
245,143.28,-67.55
228,143.16,-67.62
225,143.04,-67.69
242,142.92,-67.76
248,142.8,-67.83
226,142.68,-67.9
225,142.56,-67.97
258,142.44,-68.05
245,142.32,-68.12
242,142.2,-68.19
240,142.08,-68.26
245,141.95,-68.33
243,141.83,-68.4
242,141.71,-68.47
239,141.59,-68.55
255,141.47,-68.62
242,141.35,-68.69
236,141.22,-68.76
223,141.1,-68.83
253,140.98,-68.9
239,140.86,-68.97
234,140.73,-69.04
220,140.61,-69.12
240,140.49,-69.19
247,140.37,-69.26
234,140.24,-69.33
226,140.12,-69.4
223,140,-69.47
235,139.87,-69.54
245,139.75,-69.62
239,139.63,-69.69
216,139.5,-69.76
235,139.38,-69.83
240,139.25,-69.9
235,139.13,-69.97
228,139.01,-70.04
235,138.88,-70.12
236,138.76,-70.19
231,138.63,-70.26
231,138.51,-70.33
224,138.38,-70.4
240,138.26,-70.47
230,138.13,-70.54
229,138.01,-70.62
219,137.88,-70.69
240,137.76,-70.76
227,137.63,-70.83
226,137.5,-70.9
226,137.38,-70.97
213,137.25,-71.04
230,137.13,-71.12
223,137,-71.19
221,136.87,-71.26
213,136.75,-71.33
214,136.62,-71.4
230,136.49,-71.47
234,136.37,-71.54
233,136.24,-71.62
208,136.11,-71.69
226,135.98,-71.76
226,135.86,-71.83
227,135.73,-71.9
212,135.6,-71.97
204,135.47,-72.04
219,135.34,-72.12
224,135.22,-72.19
225,135.09,-72.26
206,134.96,-72.33
218,134.83,-72.4
231,134.7,-72.47
226,134.57,-72.54
225,134.44,-72.62
221,134.32,-72.69
214,134.19,-72.76
233,134.06,-72.83
232,133.93,-72.9
223,133.8,-72.97
212,133.67,-73.04
209,133.54,-73.12
227,133.41,-73.19
222,133.28,-73.26
217,133.15,-73.33
213,133.02,-73.4
221,132.89,-73.47
202,132.76,-73.54
218,132.63,-73.62
214,132.49,-73.69
208,132.36,-73.76
205,132.23,-73.83
219,132.1,-73.9
215,131.97,-73.97
217,131.84,-74.04
211,131.71,-74.12
201,131.58,-74.19
194,131.44,-74.26
195,131.31,-74.33
208,131.18,-74.4
216,131.05,-74.47
197,130.92,-74.54
194,130.78,-74.62
192,130.65,-74.69
219,130.52,-74.76
218,130.38,-74.83
214,130.25,-74.9
194,130.12,-74.97
208,129.99,-75.04
205,129.85,-75.12
216,129.72,-75.19
217,129.59,-75.26
209,129.45,-75.33
206,129.32,-75.4
209,129.18,-75.47
200,129.05,-75.54
194,128.92,-75.62
212,128.78,-75.69
207,128.65,-75.76
203,128.51,-75.83
204,128.38,-75.9
196,128.24,-75.97
208,128.11,-76.04
209,127.97,-76.12
201,127.84,-76.19
198,127.7,-76.26
198,127.57,-76.33
190,127.43,-76.4
186,127.29,-76.47
204,127.16,-76.54
198,127.02,-76.62
192,126.89,-76.69
190,126.75,-76.76
188,126.61,-76.83
187,126.48,-76.9
200,126.34,-76.97
201,126.21,-77.04
206,126.07,-77.11
187,125.93,-77.19
188,125.79,-77.26
182,125.66,-77.33
182,125.52,-77.4
211,125.38,-77.47
211,125.24,-77.54
200,125.11,-77.61
181,124.97,-77.69
197,124.83,-77.76
193,124.69,-77.83
190,124.55,-77.9
190,124.42,-77.97
204,124.28,-78.04
195,124.14,-78.11
191,124,-78.18
189,123.86,-78.26
185,123.72,-78.33
188,123.58,-78.4
185,123.45,-78.47
181,123.31,-78.54
191,123.17,-78.61
189,123.03,-78.69
185,122.89,-78.76
184,122.75,-78.83
176,122.61,-78.9
174,122.47,-78.97
181,122.33,-79.04
179,122.19,-79.11
182,122.04,-79.18
184,121.9,-79.26
184,121.76,-79.33
180,121.62,-79.4
173,121.48,-79.47
172,121.34,-79.54
187,121.2,-79.61
187,121.06,-79.68
182,120.92,-79.75
188,120.78,-79.83
176,120.63,-79.9
180,120.49,-79.97
165,120.35,-80.04
184,120.21,-80.11
187,120.06,-80.18
180,119.92,-80.25
188,119.78,-80.33
186,119.64,-80.4
184,119.49,-80.47
171,119.35,-80.54
170,119.21,-80.61
164,119.07,-80.68
162,118.92,-80.75
177,118.78,-80.83
176,118.64,-80.9
181,118.49,-80.97
181,118.35,-81.04
185,118.2,-81.11
169,118.06,-81.18
166,117.92,-81.25
159,117.77,-81.33
173,117.63,-81.4
160,117.48,-81.47
174,117.34,-81.54
176,117.19,-81.61
180,117.05,-81.68
179,116.9,-81.75
179,116.76,-81.82
177,116.61,-81.9
157,116.47,-81.97
167,116.32,-82.04
168,116.18,-82.11
167,116.03,-82.18
185,115.88,-82.25
181,115.74,-82.33
177,115.59,-82.4
168,115.45,-82.47
170,115.3,-82.54
182,115.15,-82.61
170,115.01,-82.68
170,114.86,-82.75
160,114.71,-82.82
158,114.57,-82.9
161,114.42,-82.97
173,114.27,-83.04
173,114.12,-83.11
172,113.98,-83.18
172,113.83,-83.25
182,113.68,-83.32
176,113.53,-83.4
176,113.38,-83.47
163,113.23,-83.54
163,113.09,-83.61
164,112.94,-83.68
158,112.79,-83.75
151,112.64,-83.82
154,112.49,-83.9
170,112.34,-83.97
166,112.19,-84.04
166,112.05,-84.11
166,111.9,-84.18
166,111.75,-84.25
169,111.6,-84.32
170,111.45,-84.39
154,111.3,-84.47
153,111.15,-84.54
152,111,-84.61
151,110.85,-84.68
162,110.7,-84.75
162,110.55,-84.82
147,110.39,-84.89
161,110.24,-84.97
162,110.09,-85.04
161,109.94,-85.11
158,109.79,-85.18
157,109.64,-85.25
164,109.49,-85.32
164,109.34,-85.39
163,109.18,-85.47
163,109.03,-85.54
162,108.88,-85.61
161,108.73,-85.68
148,108.58,-85.75
145,108.42,-85.82
160,108.27,-85.89
155,108.12,-85.97
152,107.97,-86.04
148,107.81,-86.11
154,107.66,-86.18
149,107.51,-86.25
145,107.35,-86.32
149,107.2,-86.39
149,107.05,-86.47
145,106.89,-86.54
148,106.74,-86.61
148,106.58,-86.68
165,106.43,-86.75
168,106.28,-86.82
167,106.12,-86.89
151,105.97,-86.97
148,105.81,-87.04
146,105.66,-87.11
168,105.5,-87.18
139,105.35,-87.25
138,105.19,-87.32
151,105.04,-87.39
149,104.88,-87.47
146,104.73,-87.54
149,104.57,-87.61
136,104.42,-87.68
136,104.26,-87.75
134,104.1,-87.82
136,103.95,-87.89
134,103.79,-87.97
135,103.64,-88.04
134,103.48,-88.11
132,103.32,-88.18
136,103.17,-88.25
137,103.01,-88.32
140,102.85,-88.39
140,102.7,-88.47
156,102.54,-88.54
140,102.38,-88.61
140,102.22,-88.68
139,102.07,-88.75
138,101.91,-88.82
155,101.75,-88.89
155,101.59,-88.96
139,101.44,-89.04
139,101.28,-89.11
154,101.12,-89.18
137,100.96,-89.25
154,100.8,-89.32
158,100.64,-89.39
149,100.49,-89.47
149,100.33,-89.54
152,100.17,-89.61
151,100.01,-89.65
146,99.85,-89.58
147,99.69,-89.51
151,99.53,-89.44
148,99.38,-89.37
151,99.22,-89.3
149,99.07,-89.23
152,98.91,-89.16
141,98.75,-89.09
141,98.6,-89.02
142,98.44,-88.95
142,98.29,-88.87
142,98.13,-88.81
142,97.98,-88.74
142,97.82,-88.67
135,97.67,-88.59
133,97.51,-88.52
133,97.36,-88.45
135,97.2,-88.38
135,97.05,-88.31
136,96.89,-88.24
152,96.74,-88.17
141,96.59,-88.1
141,96.43,-88.03
141,96.28,-87.96
142,96.13,-87.89
142,95.97,-87.82
142,95.82,-87.75
143,95.66,-87.68
144,95.51,-87.61
145,95.36,-87.54
146,95.21,-87.47
147,95.05,-87.4
134,94.9,-87.33
150,94.75,-87.26
136,94.6,-87.19
136,94.44,-87.12
156,94.29,-87.05
145,94.14,-86.98
150,93.99,-86.91
145,93.84,-86.84
145,93.69,-86.77
148,93.53,-86.7
149,93.38,-86.63
150,93.23,-86.56
153,93.08,-86.49
158,92.93,-86.42
158,92.78,-86.35
159,92.63,-86.28
161,92.48,-86.21
159,92.33,-86.14
160,92.18,-86.07
161,92.03,-86
145,91.87,-85.93
152,91.72,-85.86
156,91.57,-85.79
154,91.42,-85.71
154,91.27,-85.64
155,91.13,-85.57
157,90.97,-85.51
154,90.83,-85.43
161,90.68,-85.36
163,90.53,-85.29
161,90.38,-85.22
165,90.23,-85.15
150,90.08,-85.08
147,89.93,-85.01
150,89.78,-84.94
161,89.64,-84.87
159,89.49,-84.8
161,89.34,-84.73
176,89.19,-84.66
160,89.04,-84.59
160,88.89,-84.52
172,88.75,-84.45
165,88.6,-84.38
168,88.45,-84.31
158,88.31,-84.24
156,88.16,-84.17
156,88.01,-84.1
151,87.86,-84.03
151,87.72,-83.96
150,87.57,-83.89
169,87.43,-83.82
169,87.28,-83.75
169,87.13,-83.68
177,86.99,-83.61
175,86.84,-83.54
162,86.69,-83.47
163,86.55,-83.4
164,86.4,-83.33
153,86.26,-83.26
159,86.11,-83.19
160,85.97,-83.12
172,85.82,-83.05
175,85.68,-82.98
167,85.53,-82.91
165,85.39,-82.84
168,85.24,-82.77
170,85.1,-82.7
170,84.95,-82.63
165,84.81,-82.56
168,84.66,-82.49
165,84.52,-82.42
183,84.38,-82.34
184,84.23,-82.27
176,84.09,-82.2
179,83.95,-82.14
159,83.8,-82.06
174,83.66,-82
168,83.52,-81.92
170,83.37,-81.85
166,83.23,-81.78
183,83.09,-81.71
171,82.95,-81.64
179,82.8,-81.57
180,82.66,-81.5
177,82.52,-81.43
163,82.38,-81.36
172,82.23,-81.29
173,82.09,-81.22
173,81.95,-81.15
177,81.81,-81.08
179,81.67,-81.01
186,81.53,-80.94
184,81.38,-80.87
166,81.24,-80.8
167,81.1,-80.73
179,80.96,-80.66
179,80.82,-80.59
180,80.68,-80.52
179,80.54,-80.45
186,80.4,-80.38
190,80.26,-80.31
176,80.12,-80.24
171,79.98,-80.17
165,79.84,-80.1
184,79.7,-80.03
185,79.56,-79.96
180,79.42,-79.89
197,79.28,-79.82
179,79.14,-79.75
178,79,-79.68
172,78.86,-79.61
173,78.73,-79.54
191,78.59,-79.47
192,78.45,-79.4
201,78.31,-79.33
202,78.17,-79.26
188,78.03,-79.19
178,77.89,-79.12
179,77.75,-79.05
196,77.62,-78.98
182,77.48,-78.91
189,77.34,-78.84
190,77.2,-78.77
191,77.06,-78.7
184,76.93,-78.63
188,76.79,-78.56
204,76.65,-78.49
204,76.52,-78.42
196,76.38,-78.34
181,76.24,-78.27
197,76.11,-78.2
192,75.97,-78.13
194,75.83,-78.06
191,75.7,-77.99
199,75.56,-77.92
202,75.42,-77.85
186,75.29,-77.78
196,75.15,-77.71
194,75.02,-77.64
208,74.88,-77.57
208,74.75,-77.5
205,74.61,-77.43
199,74.48,-77.36
183,74.34,-77.29
182,74.21,-77.22
196,74.07,-77.15
192,73.94,-77.08
208,73.8,-77.01
206,73.67,-76.94
186,73.53,-76.87
184,73.4,-76.8
201,73.27,-76.73
201,73.13,-76.66
209,73,-76.59
196,72.87,-76.52
197,72.73,-76.45
188,72.6,-76.38
206,72.46,-76.31
208,72.33,-76.24
197,72.2,-76.17
199,72.07,-76.1
202,71.93,-76.03
195,71.8,-75.96
212,71.67,-75.89
213,71.54,-75.82
209,71.4,-75.75
206,71.27,-75.68
200,71.14,-75.61
200,71.01,-75.54
220,70.87,-75.47
213,70.74,-75.4
213,70.61,-75.33
195,70.48,-75.26
206,70.35,-75.19
208,70.22,-75.12
218,70.08,-75.05
214,69.95,-74.98
201,69.82,-74.91
208,69.69,-74.84
193,69.56,-74.77
223,69.43,-74.7
221,69.3,-74.63
203,69.17,-74.55
199,69.04,-74.48
211,68.91,-74.41
212,68.78,-74.34
210,68.65,-74.27
222,68.52,-74.2
206,68.39,-74.13
197,68.26,-74.06
213,68.13,-73.99
230,68,-73.92
211,67.88,-73.85
206,67.75,-73.78
221,67.62,-73.71
225,67.49,-73.64
212,67.36,-73.57
227,67.23,-73.5
213,67.1,-73.43
223,66.97,-73.36
223,66.85,-73.29
218,66.72,-73.22
217,66.59,-73.15
217,66.46,-73.08
212,66.34,-73.01
231,66.21,-72.94
220,66.08,-72.87
220,65.95,-72.8
222,65.83,-72.73
216,65.7,-72.66
219,65.57,-72.59
224,65.45,-72.52
225,65.32,-72.45
219,65.19,-72.38
221,65.07,-72.31
223,64.94,-72.24
227,64.81,-72.17
228,64.69,-72.1
208,64.56,-72.03
225,64.44,-71.96
229,64.31,-71.89
232,64.18,-71.82
231,64.06,-71.75
225,63.93,-71.68
229,63.81,-71.61
236,63.68,-71.54
223,63.56,-71.47
212,63.43,-71.4
229,63.31,-71.32
226,63.18,-71.25
227,63.06,-71.18
238,62.93,-71.11
224,62.81,-71.04
239,62.69,-70.97
228,62.56,-70.9
229,62.44,-70.83
222,62.32,-70.76
244,62.19,-70.69
233,62.07,-70.62
236,61.94,-70.55
226,61.82,-70.48
232,61.7,-70.41
235,61.58,-70.34
234,61.45,-70.27
230,61.33,-70.2
231,61.21,-70.13
236,61.08,-70.06
245,60.96,-69.99
239,60.84,-69.92
232,60.72,-69.85
242,60.6,-69.78
248,60.47,-69.71
244,60.35,-69.64
219,60.23,-69.57
240,60.11,-69.5
246,59.99,-69.43
245,59.87,-69.36
225,59.75,-69.29
242,59.62,-69.22
249,59.5,-69.15
234,59.38,-69.08
231,59.26,-69.01
247,59.14,-68.94
238,59.02,-68.87
240,58.9,-68.8
233,58.78,-68.73
254,58.66,-68.66
246,58.54,-68.59
245,58.42,-68.52
240,58.3,-68.45
257,58.18,-68.38
248,58.06,-68.31
242,57.94,-68.24
246,57.82,-68.16
253,57.71,-68.09
247,57.59,-68.02
249,57.47,-67.95
253,57.35,-67.88
243,57.23,-67.81
236,57.11,-67.74
233,56.99,-67.67
253,56.87,-67.6
260,56.76,-67.53
244,56.64,-67.46
233,56.52,-67.39
256,56.4,-67.32
251,56.29,-67.25
245,56.17,-67.18
236,56.05,-67.11
264,55.93,-67.04
268,55.82,-66.97
256,55.7,-66.9
255,55.58,-66.83
257,55.47,-66.76
258,55.35,-66.69
232,55.23,-66.62
260,55.12,-66.55
263,55,-66.48
243,54.88,-66.41
240,54.77,-66.34
263,54.65,-66.27
245,54.54,-66.2
231,54.42,-66.13
263,54.31,-66.06
248,54.19,-65.99
247,54.08,-65.92
250,53.96,-65.85
266,53.84,-65.78
251,53.73,-65.71
248,53.62,-65.64
270,53.5,-65.57
253,53.39,-65.49
257,53.27,-65.42
240,53.16,-65.35
271,53.04,-65.28
262,52.93,-65.21
238,52.81,-65.14
257,52.7,-65.07
261,52.59,-65
259,52.48,-64.93
244,52.36,-64.86
250,52.25,-64.79
248,52.13,-64.72
248,52.02,-64.65
262,51.91,-64.58
266,51.8,-64.51
251,51.68,-64.44
248,51.57,-64.37
252,51.46,-64.3
262,51.35,-64.23
234,51.23,-64.16
250,51.12,-64.09
264,51.01,-64.02
233,50.9,-63.95
264,50.79,-63.88
270,50.68,-63.81
239,50.56,-63.74
255,50.45,-63.67
273,50.34,-63.6
254,50.23,-63.53
258,50.12,-63.46
275,50.01,-63.39
258,49.9,-63.32
239,49.79,-63.25
273,49.68,-63.18
260,49.57,-63.11
240,49.46,-63.04
273,49.35,-62.97
259,49.24,-62.9
243,49.13,-62.83
277,49.02,-62.76
261,48.91,-62.69
237,48.8,-62.62
279,48.69,-62.55
269,48.58,-62.47
259,48.47,-62.4
269,48.36,-62.33
270,48.25,-62.26
267,48.14,-62.19
275,48.03,-62.12
268,47.92,-62.05
255,47.82,-61.98
275,47.71,-61.91
260,47.6,-61.84
262,47.49,-61.77
278,47.38,-61.7
264,47.28,-61.63
262,47.17,-61.56
274,47.06,-61.49
271,46.95,-61.42
269,46.85,-61.35
279,46.74,-61.28
267,46.63,-61.21
258,46.52,-61.14
265,46.42,-61.07
250,46.31,-61
275,46.2,-60.93
276,46.1,-60.86
264,45.99,-60.79
273,45.89,-60.72
278,45.78,-60.65
259,45.67,-60.58
268,45.57,-60.51
266,45.46,-60.44
270,45.36,-60.37
256,45.25,-60.3
267,45.15,-60.23
252,45.04,-60.16
255,44.94,-60.09
268,44.83,-60.02
259,44.73,-59.95
253,44.62,-59.88
276,44.52,-59.81
264,44.41,-59.74
246,44.31,-59.67
272,44.2,-59.59
266,44.1,-59.52
254,43.99,-59.46
269,43.89,-59.38
274,43.79,-59.31
278,43.68,-59.24
271,43.58,-59.17
269,43.48,-59.1
279,43.37,-59.03
271,43.27,-58.96
246,43.17,-58.89
280,43.06,-58.82
275,42.96,-58.75
242,42.86,-58.68
279,42.76,-58.61
278,42.65,-58.54
251,42.55,-58.47
270,42.45,-58.4
266,42.35,-58.33
283,42.24,-58.26
255,42.14,-58.19
237,42.04,-58.12
279,41.94,-58.05
264,41.84,-57.98
238,41.74,-57.91
259,41.64,-57.84
269,41.53,-57.77
281,41.43,-57.7
259,41.33,-57.63
240,41.23,-57.56
280,41.13,-57.49
267,41.03,-57.42
241,40.93,-57.35
267,40.83,-57.28
266,40.73,-57.21
270,40.63,-57.14
258,40.53,-57.06
232,40.43,-56.99
273,40.33,-56.92
269,40.23,-56.85
239,40.13,-56.78
255,40.03,-56.71
255,39.93,-56.64
265,39.83,-56.57
258,39.73,-56.5
241,39.64,-56.43
264,39.54,-56.36
255,39.44,-56.29
222,39.34,-56.22
255,39.24,-56.15
227,39.14,-56.08
267,39.05,-56.01
247,38.95,-55.94
228,38.85,-55.87
260,38.75,-55.8
245,38.66,-55.73
275,38.56,-55.66
259,38.46,-55.59
220,38.36,-55.52
278,38.27,-55.45
242,38.17,-55.38
257,38.07,-55.31
255,37.98,-55.24
248,37.88,-55.17
257,37.78,-55.1
241,37.69,-55.03
275,37.59,-54.96
246,37.5,-54.89
234,37.4,-54.82
265,37.3,-54.75
270,37.21,-54.68
261,37.11,-54.61
251,37.02,-54.54
238,36.92,-54.46
255,36.83,-54.39
225,36.73,-54.32
261,36.64,-54.25
260,36.54,-54.18
254,36.45,-54.11
244,36.35,-54.04
229,36.26,-53.97
249,36.16,-53.9
266,36.07,-53.83
280,35.98,-53.76
269,35.88,-53.69
238,35.79,-53.62
277,35.69,-53.55
256,35.6,-53.48
263,35.51,-53.41
260,35.41,-53.34
241,35.32,-53.27
274,35.23,-53.2
244,35.14,-53.13
273,35.04,-53.06
260,34.95,-52.99
273,34.86,-52.92
244,34.77,-52.85
246,34.67,-52.78
275,34.58,-52.71
243,34.49,-52.64
274,34.4,-52.57
269,34.3,-52.5
277,34.21,-52.43
270,34.12,-52.36
238,34.03,-52.29
265,33.94,-52.22
247,33.85,-52.15
279,33.76,-52.08
255,33.67,-52.01
270,33.57,-51.94
265,33.48,-51.87
273,33.39,-51.8
277,33.3,-51.73
245,33.21,-51.65
265,33.12,-51.59
245,33.03,-51.52
266,32.94,-51.44
251,32.85,-51.37
256,32.76,-51.3
259,32.67,-51.23
242,32.58,-51.16
270,32.49,-51.09
245,32.4,-51.02
265,32.32,-50.95
265,32.23,-50.88
254,32.14,-50.81
238,32.05,-50.74
262,31.96,-50.67
266,31.87,-50.6
224,31.78,-50.53
260,31.7,-50.46
224,31.61,-50.39
251,31.52,-50.32
227,31.43,-50.25
258,31.34,-50.18
247,31.26,-50.11
258,31.17,-50.04
248,31.08,-49.97
259,30.99,-49.9
254,30.91,-49.83
236,30.82,-49.76
264,30.73,-49.69
238,30.64,-49.62
258,30.56,-49.55
218,30.47,-49.48
260,30.39,-49.41
227,30.3,-49.34
255,30.21,-49.27
256,30.13,-49.2
262,30.04,-49.13
272,29.95,-49.06
247,29.87,-48.99
248,29.78,-48.91
261,29.7,-48.84
251,29.61,-48.77
228,29.53,-48.7
261,29.44,-48.63
226,29.36,-48.56
246,29.27,-48.49
246,29.19,-48.42
262,29.1,-48.35
223,29.02,-48.28
266,28.93,-48.21
229,28.85,-48.14
257,28.77,-48.07
251,28.68,-48
240,28.6,-47.93
249,28.52,-47.86
267,28.43,-47.79
265,28.35,-47.72
260,28.26,-47.65
260,28.18,-47.58
251,28.1,-47.51
264,28.02,-47.44
265,27.93,-47.37
248,27.85,-47.3
256,27.77,-47.23
253,27.68,-47.16
229,27.6,-47.09
251,27.52,-47.02
257,27.44,-46.95
256,27.36,-46.88
226,27.27,-46.81
249,27.19,-46.74
224,27.11,-46.67
260,27.03,-46.6
230,26.95,-46.53
262,26.87,-46.46
230,26.79,-46.39
265,26.7,-46.32
255,26.62,-46.25
252,26.54,-46.18
255,26.46,-46.1
261,26.38,-46.03
260,26.3,-45.97
263,26.22,-45.9
235,26.14,-45.82
254,26.06,-45.75
219,25.98,-45.68
248,25.9,-45.61
250,25.82,-45.54
240,25.74,-45.47
226,25.66,-45.4
247,25.58,-45.33
237,25.5,-45.26
242,25.43,-45.19
213,25.35,-45.12
253,25.27,-45.05
244,25.19,-44.98
249,25.11,-44.91
244,25.03,-44.84
262,24.95,-44.77
241,24.88,-44.7
242,24.8,-44.63
241,24.72,-44.56
242,24.64,-44.49
245,24.56,-44.42
244,24.49,-44.35
256,24.41,-44.28
253,24.33,-44.21
236,24.25,-44.14
258,24.18,-44.07
243,24.1,-44
245,24.02,-43.93
239,23.95,-43.86
214,23.87,-43.79
240,23.79,-43.72
226,23.72,-43.65
244,23.64,-43.58
227,23.57,-43.51
240,23.49,-43.44
200,23.41,-43.37
247,23.34,-43.3
214,23.26,-43.23
241,23.19,-43.16
234,23.11,-43.09
254,23.04,-43.02
242,22.96,-42.95
234,22.89,-42.88
226,22.81,-42.81
234,22.74,-42.73
241,22.66,-42.66
195,22.59,-42.6
246,22.51,-42.53
205,22.44,-42.45
249,22.36,-42.38
197,22.29,-42.31
240,22.22,-42.24
230,22.14,-42.17
228,22.07,-42.1
229,21.99,-42.03
232,21.92,-41.96
243,21.85,-41.89
242,21.78,-41.82
240,21.7,-41.75
205,21.63,-41.68
246,21.56,-41.61
194,21.48,-41.54
247,21.41,-41.47
242,21.34,-41.4
224,21.27,-41.33
222,21.19,-41.26
238,21.12,-41.19
223,21.05,-41.12
206,20.98,-41.05
229,20.91,-40.98
207,20.83,-40.91
242,20.76,-40.84
229,20.69,-40.77
245,20.62,-40.7
220,20.55,-40.63
224,20.48,-40.56
235,20.41,-40.49
208,20.34,-40.42
230,20.27,-40.35
211,20.2,-40.28
222,20.13,-40.21
230,20.06,-40.14
238,19.99,-40.07
217,19.92,-40
235,19.85,-39.93
225,19.78,-39.86
202,19.71,-39.79
219,19.64,-39.72
226,19.57,-39.65
236,19.5,-39.57
207,19.43,-39.5
253,19.36,-39.43
209,19.29,-39.36
202,19.22,-39.29
211,19.15,-39.22
201,19.09,-39.15
224,19.02,-39.08
212,18.95,-39.01
237,18.88,-38.94
216,18.81,-38.87
196,18.75,-38.8
209,18.68,-38.73
214,18.61,-38.66
216,18.54,-38.59
211,18.48,-38.52
194,18.41,-38.45
207,18.34,-38.38
199,18.27,-38.31
214,18.21,-38.24
196,18.14,-38.17
215,18.07,-38.1
216,18.01,-38.03
198,17.94,-37.96
218,17.87,-37.89
205,17.81,-37.82
203,17.74,-37.75
209,17.68,-37.68
186,17.61,-37.61
200,17.54,-37.54
196,17.48,-37.47
213,17.41,-37.4
193,17.35,-37.33
169,17.28,-37.26
201,17.22,-37.19
185,17.15,-37.12
210,17.09,-37.05
204,17.02,-36.98
181,16.96,-36.91
200,16.89,-36.84
189,16.83,-36.77
212,16.77,-36.7
198,16.7,-36.63
193,16.64,-36.56
194,16.57,-36.49
185,16.51,-36.42
211,16.45,-36.34
198,16.38,-36.27
189,16.32,-36.2
195,16.26,-36.13
186,16.19,-36.06
199,16.13,-35.99
173,16.07,-35.92
167,16.01,-35.85
185,15.94,-35.78
179,15.88,-35.71
236,15.82,-35.64
178,15.76,-35.57
156,15.69,-35.5
207,15.63,-35.43
174,15.57,-35.36
159,15.51,-35.29
197,15.45,-35.22
167,15.38,-35.15
213,15.32,-35.08
162,15.26,-35.01
157,15.2,-34.94
191,15.14,-34.87
153,15.08,-34.8
209,15.02,-34.73
188,14.96,-34.66
136,14.9,-34.59
217,14.84,-34.52
152,14.78,-34.45
139,14.72,-34.38
186,14.66,-34.31
143,14.6,-34.24
214,14.54,-34.17
177,14.48,-34.1
143,14.42,-34.03
232,14.36,-33.96
134,14.3,-33.89
118,14.24,-33.82
221,14.18,-33.75
123,14.12,-33.68
125,14.06,-33.61
173,14,-33.54
132,13.95,-33.47
226,13.89,-33.4
186,13.83,-33.33
136,13.77,-33.26
202,13.71,-33.18
125,13.66,-33.11
116,13.6,-33.04
222,13.54,-32.97
135,13.48,-32.9
107,13.42,-32.83
184,13.37,-32.76
117,13.31,-32.69
216,13.25,-32.62
165,13.2,-32.55
118,13.14,-32.48
209,13.08,-32.41
155,13.03,-32.34
140,12.97,-32.27
202,12.91,-32.2
157,12.86,-32.13
144,12.8,-32.06
203,12.74,-31.99
122,12.69,-31.92
159,12.63,-31.85
190,12.58,-31.78
122,12.52,-31.71
161,12.47,-31.64
105,12.41,-31.57
138,12.36,-31.5
198,12.3,-31.43
95,12.25,-31.36
158,12.19,-31.29
185,12.14,-31.22
101,12.08,-31.15
163,12.03,-31.08
196,11.97,-31.01
93,11.92,-30.94
184,11.87,-30.87
189,11.81,-30.8
83,11.76,-30.73
205,11.71,-30.66
195,11.65,-30.59
78,11.6,-30.52
220,11.55,-30.45
159,11.5,-30.38
73,11.44,-30.31
247,11.39,-30.24
142,11.34,-30.17
47,11.29,-30.11
236,11.23,-30.03
130,11.18,-29.97
44,11.13,-29.9
238,11.08,-29.83
105,11.03,-29.76
63,10.98,-29.69
133,10.92,-29.62
75,10.87,-29.55
66,10.82,-29.48
147,10.77,-29.41
87,10.72,-29.34
94,10.67,-29.27
135,10.62,-29.2
150,10.57,-29.13
111,10.52,-29.06
134,10.47,-28.99
134,10.42,-28.92
105,10.37,-28.85
98,10.32,-28.78
150,10.27,-28.71
120,10.22,-28.64
100,10.17,-28.57
164,10.12,-28.5
107,10.07,-28.43
71,10.02,-28.37
104,9.97,-28.3
181,9.92,-28.23
54,9.88,-28.16
114,9.83,-28.09
170,9.78,-28.02
73,9.73,-27.96
70,9.69,-27.89
119,9.64,-27.82
87,9.59,-27.76
90,9.55,-27.69
116,9.5,-27.62
127,9.46,-27.55
81,9.41,-27.49
96,9.36,-27.42
92,9.32,-27.35
101,9.27,-27.29
67,9.23,-27.22
87,9.18,-27.15
146,9.14,-27.08
99,9.09,-27.02
58,9.05,-26.95
85,9,-26.88
143,8.96,-26.82
64,8.91,-26.75
108,8.87,-26.68
130,8.82,-26.61
53,8.78,-26.55
64,8.73,-26.48
94,8.69,-26.41
115,8.64,-26.34
65,8.6,-26.28
83,8.56,-26.21
103,8.51,-26.14
62,8.47,-26.08
68,8.43,-26.01
76,8.38,-25.94
130,8.34,-25.88
45,8.3,-25.81
40,8.25,-25.74
69,8.21,-25.68
105,8.17,-25.61
46,8.13,-25.54
58,8.08,-25.48
81,8.04,-25.41
101,8,-25.34
37,7.96,-25.27
47,7.91,-25.21
54,7.87,-25.14
110,7.83,-25.07
35,7.79,-25.01
48,7.75,-24.94
97,7.71,-24.87
22,7.67,-24.81
47,7.62,-24.74
54,7.58,-24.68
78,7.54,-24.61
41,7.5,-24.54
31,7.46,-24.48
44,7.42,-24.41
80,7.38,-24.34
22,7.34,-24.28
24,7.3,-24.21
51,7.26,-24.14
90,7.22,-24.08
22,7.18,-24.01
38,7.14,-23.95
45,7.1,-23.88
67,7.06,-23.81
13,7.02,-23.75
18,6.98,-23.68
24,6.95,-23.61
24,6.91,-23.55
64,6.87,-23.48
16,6.83,-23.42
17,6.79,-23.35
28,6.75,-23.28
70,6.71,-23.22
10,6.68,-23.15
2,6.64,-23.09
29,6.6,-23.02
52,6.56,-22.95
0,6.53,-22.89
16,6.49,-22.82
14,6.45,-22.76
57,6.41,-22.69
0,6.38,-22.63
2,6.34,-22.56
21,6.3,-22.49
21,6.27,-22.43
42,6.23,-22.36
0,6.19,-22.3
5,6.16,-22.23
0,6.12,-22.17
43,6.08,-22.1
0,6.05,-22.04
0,6.01,-21.97
9,5.98,-21.91
35,5.94,-21.84
35,5.91,-21.77
0,5.87,-21.71
0,5.84,-21.64
3,5.8,-21.58
29,5.77,-21.51
0,5.73,-21.45
0,5.7,-21.38
0,5.66,-21.32
0,5.63,-21.25
26,5.59,-21.19
0,5.56,-21.12
0,5.52,-21.06
0,5.49,-20.99
8,5.46,-20.93
8,5.42,-20.86
0,5.39,-20.8
0,5.36,-20.73
0,5.32,-20.67
16,5.29,-20.6
0,5.25,-20.54
0,5.22,-20.47
0,5.19,-20.41
0,5.16,-20.34
0,5.12,-20.28
0,5.09,-20.21
0,5.06,-20.15
0,5.03,-20.08
0,4.99,-20.02
0,4.96,-19.95
0,4.93,-19.89
0,4.9,-19.83
0,4.86,-19.76
0,4.83,-19.7
0,4.8,-19.63
0,4.77,-19.57
0,4.74,-19.5
0,4.71,-19.44
0,4.68,-19.37
0,4.64,-19.31
0,4.61,-19.24
0,4.58,-19.18
0,4.55,-19.11
0,4.52,-19.05
0,4.49,-18.98
0,4.46,-18.92
0,4.43,-18.85
0,4.4,-18.79
0,4.37,-18.72
0,4.34,-18.66
0,4.31,-18.6
0,4.28,-18.53
0,4.25,-18.46
0,4.22,-18.4
0,4.19,-18.34
0,4.16,-18.27
0,4.13,-18.21
0,4.1,-18.14
0,4.07,-18.08
0,4.04,-18.01
0,4.01,-17.95
0,3.99,-17.88
0,3.96,-17.82
0,3.93,-17.75
0,3.9,-17.69
0,3.87,-17.62
0,3.84,-17.56
0,3.81,-17.49
0,3.79,-17.43
0,3.76,-17.37
0,3.73,-17.3
0,3.7,-17.24
0,3.67,-17.17
0,3.65,-17.11
0,3.62,-17.04
0,3.59,-16.98
0,3.56,-16.91
0,3.54,-16.85
0,3.51,-16.78
0,3.48,-16.72
0,3.46,-16.65
0,3.43,-16.59
0,3.4,-16.52
0,3.38,-16.46
0,3.35,-16.39
0,3.32,-16.33
0,3.3,-16.26
0,3.27,-16.2
0,3.24,-16.14
0,3.22,-16.07
0,3.19,-16.01
0,3.17,-15.94
0,3.14,-15.88
0,3.12,-15.81
0,3.09,-15.75
0,3.07,-15.68
0,3.04,-15.62
0,3.01,-15.55
0,2.99,-15.49
0,2.97,-15.42
0,2.94,-15.36
0,2.92,-15.29
0,2.89,-15.23
0,2.87,-15.16
0,2.84,-15.1
0,2.82,-15.03
0,2.79,-14.97
0,2.77,-14.9
0,2.75,-14.84
0,2.72,-14.78
0,2.7,-14.71
0,2.67,-14.65
0,2.65,-14.58
0,2.63,-14.52
0,2.6,-14.45
0,2.58,-14.39
0,2.56,-14.32
0,2.53,-14.26
0,2.51,-14.19
0,2.49,-14.13
0,2.47,-14.06
0,2.44,-14
0,2.42,-13.93
0,2.4,-13.87
0,2.38,-13.8
0,2.35,-13.74
0,2.33,-13.67
0,2.31,-13.61
0,2.29,-13.55
0,2.27,-13.48
0,2.24,-13.42
0,2.22,-13.35
0,2.2,-13.29
0,2.18,-13.22
0,2.16,-13.16
0,2.14,-13.09
0,2.12,-13.03
0,2.1,-12.96
0,2.07,-12.9
0,2.05,-12.83
0,2.03,-12.77
0,2.01,-12.7
0,1.99,-12.64
0,1.97,-12.58
0,1.95,-12.51
0,1.93,-12.45
0,1.91,-12.38
0,1.89,-12.32
0,1.87,-12.25
0,1.85,-12.19
0,1.83,-12.12
0,1.81,-12.06
0,1.79,-11.99
0,1.77,-11.93
0,1.76,-11.86
0,1.74,-11.8
0,1.72,-11.73
0,1.7,-11.67
0,1.68,-11.6
0,1.66,-11.54
0,1.64,-11.47
0,1.62,-11.41
0,1.61,-11.34
0,1.59,-11.28
0,1.57,-11.22
0,1.55,-11.15
0,1.53,-11.09
0,1.52,-11.02
0,1.5,-10.96
0,1.48,-10.89
0,1.46,-10.83
0,1.45,-10.76
0,1.43,-10.7
0,1.41,-10.63
0,1.39,-10.57
0,1.38,-10.5
0,1.36,-10.44
0,1.34,-10.37
0,1.33,-10.31
0,1.31,-10.24
0,1.29,-10.18
0,1.28,-10.11
0,1.26,-10.05
0,1.24,-9.98
0,1.23,-9.92
0,1.21,-9.86
0,1.2,-9.79
0,1.18,-9.73
0,1.17,-9.67
0,1.15,-9.6
0,1.14,-9.54
0,1.12,-9.47
0,1.11,-9.41
0,1.09,-9.35
0,1.08,-9.28
0,1.06,-9.22
0,1.05,-9.16
0,1.03,-9.09
0,1.02,-9.03
0,1,-8.97
0,0.99,-8.9
0,0.98,-8.84
0,0.96,-8.78
0,0.95,-8.71
0,0.93,-8.65
0,0.92,-8.58
0,0.91,-8.52
0,0.89,-8.46
0,0.88,-8.39
0,0.87,-8.33
0,0.85,-8.27
0,0.84,-8.2
0,0.83,-8.14
0,0.81,-8.07
0,0.8,-8.01
0,0.79,-7.95
0,0.78,-7.88
0,0.76,-7.82
0,0.75,-7.76
0,0.74,-7.69
0,0.73,-7.63
0,0.71,-7.56
0,0.7,-7.5
0,0.69,-7.44
0,0.68,-7.37
0,0.67,-7.31
0,0.66,-7.25
0,0.64,-7.18
0,0.63,-7.12
0,0.62,-7.05
0,0.61,-6.99
0,0.6,-6.93
0,0.59,-6.86
0,0.58,-6.8
0,0.57,-6.74
0,0.56,-6.67
0,0.55,-6.61
0,0.54,-6.55
0,0.53,-6.48
0,0.52,-6.42
0,0.51,-6.36
0,0.49,-6.29
0,0.49,-6.23
0,0.48,-6.16
0,0.47,-6.1
0,0.46,-6.04
0,0.45,-5.97
0,0.44,-5.91
0,0.43,-5.85
0,0.42,-5.78
0,0.41,-5.72
0,0.4,-5.65
0,0.39,-5.59
0,0.38,-5.53
0,0.37,-5.46
0,0.36,-5.4
0,0.36,-5.33
0,0.35,-5.27
0,0.34,-5.21
0,0.33,-5.14
0,0.32,-5.08
0,0.32,-5.02
0,0.31,-4.95
0,0.3,-4.89
0,0.29,-4.83
0,0.28,-4.76
0,0.28,-4.7
0,0.27,-4.64
0,0.26,-4.57
0,0.25,-4.51
0,0.25,-4.44
0,0.24,-4.38
0,0.23,-4.32
0,0.23,-4.25
0,0.22,-4.19
0,0.21,-4.13
0,0.21,-4.06
0,0.2,-4
0,0.19,-3.93
0,0.19,-3.87
0,0.18,-3.81
0,0.18,-3.74
0,0.17,-3.68
0,0.16,-3.62
0,0.16,-3.55
0,0.15,-3.49
0,0.15,-3.42
0,0.14,-3.36
0,0.14,-3.3
0,0.13,-3.24
0,0.13,-3.17
0,0.12,-3.11
0,0.12,-3.04
0,0.11,-2.98
0,0.11,-2.92
0,0.1,-2.85
0,0.1,-2.79
0,0.09,-2.73
0,0.09,-2.66
0,0.09,-2.6
0,0.08,-2.53
0,0.08,-2.47
0,0.07,-2.41
0,0.07,-2.34
0,0.07,-2.28
0,0.06,-2.22
0,0.06,-2.15
0,0.06,-2.09
0,0.05,-2.03
0,0.05,-1.96
0,0.05,-1.9
0,0.04,-1.84
0,0.04,-1.77
0,0.04,-1.71
0,0.03,-1.65
0,0.03,-1.58
0,0.03,-1.52
0,0.03,-1.46
0,0.02,-1.39
0,0.02,-1.33
0,0.02,-1.27
0,0.02,-1.2
0,0.02,-1.14
0,0.01,-1.07
0,0.01,-1.01
0,0.01,-0.95
0,0.01,-0.88
0,0.01,-0.82
0,0.01,-0.76
0,0.01,-0.7
0,0.01,-0.63
0,0,-0.57
0,0,-0.51
0,0,-0.45
0,0,-0.38
0,0,-0.32
0,0,-0.26
0,0,-0.2
0,0,-0.13
0,0,-0.07
0,0,-0.01
0,0,0
0,0,0
0,0,0
0,0,0
