Mechanical load,Position,Time,Velocity,Acceleration
0,0,0,0,0
0,0,0,0,0
0,0,0,0,0
0,0,0,0,0
0,0,0,0,0
0,0,0,0,0
0,0,0,0,0
0,0,0,0,0
0,0,0,0,0
0,0,0,0,0
0,0,0,0,0
0,0,0,0,0
0,0,0,0,0
0,0,0,0,0
0,0,0,0,0
0,0,0,0,0
0,0,0,0,0
0,0,0,0,0
0,0,0,0,0
0,0,0,0,0
0,0,0,0,0
0,0,0,0,0
0,0,0,0,0
0,0,0,0,0
0,0,0,0,0
0,0,0,0,0
0,0,0,0,0
0,0,0,0,0
0,0,0,0,0
0,0,0,0,0
0,0,0,0,0
0,0,0,0,0
0,0,0,0,0
0,0,0,0,0
0,0,0,0,0
0,0,0,0,0
0,0,0,0,0
0,0,0,0,0
0,0,0,0,0
0,0,0,0,0
0,0,0,0,0
0,0,0,0,0
0,0,0,0,0
0,0,0,0,0
0,0,0,0,0
0,0,0,0,0
0,0,0,0,0
0,0,0,0,0
0,0,0,0,0
0,0,0,0,0
0,0,0,0,0
0,0,0,0,0
0,0,0,0,0
0,0,0,0,0
0,0,0,0,0
0,0,0,0,0
0,0,0,0,0
0,0,0,0,0
0,0,0,0,0
0,0,0,0,0
0,0,0,0,0
0,0,0,0,0
0,0,0,0,0
0,0,0,0,0
0,0,0,0,0
0,0,0,0,0
0,0,0,0,0
0,0,0,0,0
0,0,0,0,0
0,0,0,0,0
0,0,0,0,0
0,0,0,0,0
0,0,0,0,0
0,0,0,0,0
0,0,0,0,0
0,0,0,0,0
0,0,0,0,0
0,0,0,0,0
0,0,0,0,0
0,0,0,0,0
0,0,0,0,0
0,0,0,0,0
0,0,0,0,0
0,0,0,0,0
0,0,0,0,0
0,0,0,0,0
0,0,0,0,0
0,0,0,0,0
0,0,0,0,0
0,0,0,0,0
0,0,0,0,0
0,0,0,0,0
0,0,0,0,0
0,0,0,0,0
0,0,0,0,0
0,0,0,0,0
0,0,0,0,0
0,0,0,0,0
0,0,0,0,0
0,0,0,0,0
0,0,0,0,0
0,0,0,0,0
0,0,0,0,0
0,0,0,0,0
0,0,0,0,0
0,0,0,0,0
0,0,0,0,0
0,0,0,0,0
0,0,0,0,0
0,0,0,0,0
0,0,0,0,0
0,0,0,0,0
0,0,0,0,0
0,0,0,0,0
0,0,0,0,0
0,0,0,0,0
0,0,0,0,0
0,0,0,0,0
0,0,0,0,0
0,0,0,0,0
0,0,0,0,0
0,0,0,0,0
0,0,0,0,0
0,0,0,0,0
0,0,0,0,0
0,0,0,0,0
0,0,0,0,0
0,0,0,0,0
0,0,0,0,0
0,0,0,0,0
0,0,0,0,0
0,0,0,0,0
0,0,0,0,0
0,0,0,0,0
0,0,0,0,0
0,0,0,0,0
0,0,0,0,0
0,0,0,0,0
0,0,0,0,0
0,0,0,0,0
0,0,0,0,0
0,0,0,0,0
0,0,0,0,0
0,0,0,0,0
0,0,0,0,0
0,0,0,0,0
0,0,0,0,0
0,0,0,0,0
0,0,0,0,0
0,0,0,0,0
0,0,0,0,0
0,0,0,0,0
0,0,0,0,0
0,0,0,0,0
0,0,0,0,0
0,0,0,0,0
0,0,0,0,0
0,0,0,0,0
0,0,0,0,0
0,0,0,0,0
0,0,0,0,0
0,0,0,0,0
0,0,0,0,0
0,0,0,0,0
0,0,0,0,0
0,0,0,0,0
0,0,0,0,0
0,0,0,0,0
0,0,0,0,0
0,0,0,0,0
0,0,0,0,0
0,0,0,0,0
0,0,0,0,0
0,0,0,0,0
0,0,0,0,0
0,0,0,0,0
0,0,0,0,0
0,0,0,0,0
0,0,0,0,0
0,0,0,0,0
0,0,0,0,0
0,0,0,0,0
0,0,0,0,0
0,0,0,0,0
0,0,0,0,0
0,0,0,0,0
0,0,0,0,0
0,0,0,0,0
0,0,0,0,0
0,0,0,0,0
0,0,0,0,0
0,0,0,0,0
0,0,0,0,0
0,0,0,0,0
0,0,0,0,0
0,0,0,0,0
0,0,0,0,0
0,0,0,0,0
0,0,0,0,0
0,0,0,0,0
0,0,0,0,0
0,0,0,0,0
0,0,0,0,0
0,0,0,0,0
0,0,0,0,0
68,0,0,0,0
75,0,0,0,0
68,0,0,0,0
66,0,0,0,0
68,0,0,0.09,0
70,0,0,0.18,0
70,0,0.01,0.27,0
70,0,0.01,0.36,0
70,0,0.01,0.45,0
70,0,0.01,0.54,0
70,0,0.01,0.63,0
70,0.01,0.01,0.72,0
70,0.01,0.01,0.81,0
70,0.01,0.01,0.9,0
70,0.01,0.01,0.99,0
70,0.01,0.02,1.08,0
70,0.02,0.02,1.17,0
70,0.02,0.02,1.26,0
70,0.02,0.02,1.35,0
70,0.02,0.02,1.44,0
70,0.03,0.02,1.53,0
70,0.03,0.02,1.62,0
70,0.04,0.02,1.71,0
0,0.04,0.02,1.79,0
0,0.04,0.02,1.88,0
0,0.05,0.03,1.97,0
0,0.05,0.03,2.06,0
0,0.06,0.03,2.15,0
0,0.06,0.03,2.23,0
0,0.07,0.03,2.32,0
0,0.07,0.03,2.41,0
0,0.08,0.03,2.5,0
0,0.08,0.03,2.59,0
0,0.09,0.03,2.68,0
0,0.09,0.03,2.76,0
0,0.1,0.03,2.85,0
0,0.11,0.04,2.94,0
0,0.11,0.04,3.03,0
0,0.12,0.04,3.12,0
0,0.13,0.04,3.21,0
0,0.13,0.04,3.29,0
0,0.14,0.04,3.38,0
0,0.15,0.04,3.47,0
0,0.16,0.04,3.56,0
0,0.16,0.04,3.65,0
0,0.17,0.04,3.74,0
0,0.18,0.05,3.83,0
0,0.19,0.05,3.91,0
0,0.2,0.05,4,0
0,0.21,0.05,4.09,0
0,0.21,0.05,4.18,0
0,0.22,0.05,4.27,0
0,0.23,0.05,4.36,0
0,0.24,0.05,4.45,0
0,0.25,0.05,4.54,0
0,0.26,0.05,4.62,0
0,0.27,0.06,4.71,0
0,0.28,0.06,4.8,0
0,0.29,0.06,4.89,0
0,0.31,0.06,4.98,0
0,0.32,0.06,5.07,0
0,0.33,0.06,5.16,0
0,0.34,0.06,5.24,0
0,0.35,0.06,5.33,0
0,0.36,0.06,5.42,0
0,0.37,0.06,5.51,0
0,0.39,0.07,5.6,0
0,0.4,0.07,5.69,0
0,0.41,0.07,5.78,0
0,0.42,0.07,5.87,0
0,0.44,0.07,5.96,0
0,0.45,0.07,6.04,0
0,0.46,0.07,6.13,0
0,0.48,0.07,6.22,0
0,0.49,0.07,6.31,0
0,0.51,0.07,6.4,0
0,0.52,0.08,6.49,0
0,0.53,0.08,6.58,0
0,0.55,0.08,6.67,0
0,0.56,0.08,6.75,0
0,0.58,0.08,6.84,0
0,0.59,0.08,6.93,0
0,0.61,0.08,7.02,0
0,0.62,0.08,7.11,0
0,0.64,0.08,7.2,0
0,0.66,0.09,7.29,0
0,0.67,0.09,7.37,0
0,0.69,0.09,7.46,0
0,0.7,0.09,7.55,0
0,0.72,0.09,7.64,0
0,0.74,0.09,7.73,0
0,0.76,0.09,7.82,0
0,0.77,0.09,7.91,0
0,0.79,0.09,8,0
0,0.81,0.09,8.08,0
0,0.83,0.1,8.17,0
0,0.84,0.1,8.26,0
0,0.86,0.1,8.35,0
0,0.88,0.1,8.44,0
0,0.9,0.1,8.53,0
0,0.92,0.1,8.62,0
0,0.94,0.1,8.71,0
0,0.96,0.1,8.79,0
0,0.98,0.1,8.88,0
0,1,0.1,8.97,0
0,1.02,0.11,9.06,0
0,1.04,0.11,9.15,0
0,1.06,0.11,9.24,0
0,1.08,0.11,9.33,0
0,1.1,0.11,9.42,0
0,1.12,0.11,9.51,0
0,1.14,0.11,9.6,0
0,1.16,0.11,9.68,0
0,1.18,0.11,9.77,0
0,1.2,0.11,9.86,0
0,1.23,0.12,9.95,0
0,1.25,0.12,10.04,0
0,1.27,0.12,10.13,0
0,1.29,0.12,10.22,0
0,1.32,0.12,10.31,0
0,1.34,0.12,10.4,0
0,1.36,0.12,10.49,0
0,1.39,0.12,10.58,0
0,1.41,0.12,10.67,0
0,1.43,0.12,10.76,0
0,1.46,0.13,10.86,0
0,1.48,0.13,10.95,0
0,1.51,0.13,11.04,0
0,1.53,0.13,11.13,0
0,1.56,0.13,11.22,0
0,1.58,0.13,11.31,0
0,1.61,0.13,11.4,0
0,1.63,0.13,11.49,0
0,1.66,0.13,11.58,0
0,1.69,0.13,11.67,0
0,1.71,0.14,11.76,0
0,1.74,0.14,11.85,0
0,1.77,0.14,11.94,0
0,1.79,0.14,12.04,0
0,1.82,0.14,12.13,0
0,1.85,0.14,12.22,0
0,1.88,0.14,12.31,0
0,1.9,0.14,12.4,0
0,1.93,0.14,12.49,0
0,1.96,0.14,12.58,0
0,1.99,0.15,12.67,0
0,2.02,0.15,12.76,0
0,2.05,0.15,12.85,0
0,2.07,0.15,12.94,0
0,2.1,0.15,13.03,0
0,2.13,0.15,13.12,0
0,2.16,0.15,13.21,0
0,2.19,0.15,13.3,0
0,2.22,0.15,13.39,0
0,2.25,0.15,13.49,0
0,2.28,0.16,13.58,0
0,2.31,0.16,13.67,0
0,2.35,0.16,13.76,0
0,2.38,0.16,13.85,0
0,2.41,0.16,13.94,0
0,2.44,0.16,14.03,0
0,2.47,0.16,14.12,0
0,2.5,0.16,14.21,0
0,2.53,0.16,14.3,0
0,2.57,0.16,14.39,0
0,2.6,0.17,14.48,0
0,2.63,0.17,14.57,0
0,2.67,0.17,14.66,0
0,2.7,0.17,14.76,0
0,2.73,0.17,14.85,0
0,2.77,0.17,14.94,0
0,2.8,0.17,15.03,0
0,2.83,0.17,15.12,0
0,2.87,0.17,15.21,0
0,2.9,0.17,15.3,0
0,2.94,0.18,15.39,0
0,2.97,0.18,15.48,0
0,3.01,0.18,15.57,0
0,3.04,0.18,15.66,0
0,3.08,0.18,15.75,0
0,3.11,0.18,15.84,0
0,3.15,0.18,15.93,0
0,3.18,0.18,16.02,0
0,3.22,0.18,16.11,0
0,3.26,0.18,16.2,0
0,3.29,0.19,16.29,0
0,3.33,0.19,16.39,0
0,3.37,0.19,16.48,0
0,3.4,0.19,16.57,0
0,3.44,0.19,16.66,0
0,3.48,0.19,16.75,0
0,3.52,0.19,16.84,0
0,3.55,0.19,16.93,0
0,3.59,0.19,17.02,0
0,3.63,0.19,17.11,0
0,3.67,0.2,17.2,0
0,3.71,0.2,17.29,0
0,3.75,0.2,17.38,0
0,3.79,0.2,17.47,0
0,3.83,0.2,17.56,0
0,3.87,0.2,17.65,0
0,3.9,0.2,17.74,0
0,3.94,0.2,17.83,0
0,3.98,0.2,17.93,0
0,4.03,0.2,18.02,0
0,4.07,0.21,18.11,0
0,4.11,0.21,18.2,0
0,4.15,0.21,18.29,0
0,4.19,0.21,18.38,0
0,4.23,0.21,18.47,0
0,4.27,0.21,18.56,0
0,4.31,0.21,18.65,0
0,4.36,0.21,18.74,0
0,4.4,0.21,18.83,0
0,4.44,0.21,18.92,0
0,4.48,0.22,19.01,0
0,4.53,0.22,19.1,0
0,4.57,0.22,19.19,0
0,4.61,0.22,19.28,0
0,4.66,0.22,19.37,0
0,4.7,0.22,19.46,0
0,4.74,0.22,19.56,0
0,4.79,0.22,19.65,0
0,4.83,0.22,19.74,0
0,4.88,0.22,19.83,0
0,4.92,0.23,19.92,0
0,4.97,0.23,20.01,0
0,5.01,0.23,20.1,0
0,5.06,0.23,20.19,0
0,5.1,0.23,20.28,0
0,5.15,0.23,20.37,0
0,5.19,0.23,20.46,0
0,5.24,0.23,20.55,0
0,5.29,0.23,20.64,0
0,5.33,0.23,20.73,0
0,5.38,0.24,20.82,0
0,5.43,0.24,20.91,0.01
0,5.47,0.24,21.01,0.01
0,5.52,0.24,21.1,0.01
0,5.57,0.24,21.19,0.01
0,5.62,0.24,21.28,0.01
0,5.67,0.24,21.37,0.01
0,5.71,0.24,21.46,0.01
0,5.76,0.24,21.55,0.01
0,5.81,0.24,21.64,0.01
0,5.86,0.25,21.73,0.01
0,5.91,0.25,21.82,0.01
0,5.96,0.25,21.91,0.01
0,6.01,0.25,22.01,0.01
0,6.06,0.25,22.1,0.01
0,6.11,0.25,22.19,0.01
0,6.16,0.25,22.28,0.01
0,6.21,0.25,22.37,0.01
0,6.26,0.25,22.46,0.01
0,6.31,0.25,22.55,0.01
0,6.36,0.26,22.64,0.01
0,6.41,0.26,22.73,0.01
0,6.46,0.26,22.82,0.01
0,6.52,0.26,22.91,0.01
0,6.57,0.26,23.01,0.01
0,6.62,0.26,23.1,0.01
0,6.67,0.26,23.19,0.01
0,6.72,0.26,23.28,0.01
0,6.78,0.26,23.37,0.01
0,6.83,0.26,23.46,0.01
0,6.88,0.27,23.55,0.01
0,6.94,0.27,23.64,0.01
0,6.99,0.27,23.73,0.01
0,7.04,0.27,23.82,0.01
0,7.1,0.27,23.91,0.01
0,7.15,0.27,24,0.01
0,7.21,0.27,24.09,0.01
0,7.26,0.27,24.18,0.01
0,7.31,0.27,24.28,0.01
0,7.37,0.27,24.37,0.01
0,7.42,0.27,24.46,0.01
0,7.48,0.28,24.55,0.01
0,7.53,0.28,24.64,0.01
0,7.59,0.28,24.73,0.01
0,7.65,0.28,24.82,0.01
0,7.7,0.28,24.91,0.01
0,7.76,0.28,25,0.01
0,7.82,0.28,25.09,0.01
0,7.87,0.28,25.18,0.01
0,7.93,0.28,25.27,0.01
0,7.99,0.28,25.36,0.01
0,8.04,0.29,25.46,0.01
0,8.1,0.29,25.55,0.01
0,8.16,0.29,25.64,0.01
0,8.22,0.29,25.73,0.01
0,8.27,0.29,25.82,0.01
0,8.33,0.29,25.91,0.01
0,8.39,0.29,26,0.01
0,8.45,0.29,26.09,0.01
0,8.51,0.29,26.18,0.01
0,8.57,0.29,26.27,0.01
0,8.63,0.3,26.36,0.01
0,8.69,0.3,26.45,0.01
0,8.75,0.3,26.54,0.01
0,8.81,0.3,26.63,0.01
0,8.87,0.3,26.72,0.01
0,8.93,0.3,26.82,0.01
2,8.99,0.3,26.91,0.01
0,9.05,0.3,27,0.01
0,9.11,0.3,27.09,0.01
0,9.17,0.3,27.18,0.01
0,9.23,0.31,27.27,0.01
3,9.29,0.31,27.36,0.01
0,9.35,0.31,27.45,0.01
21,9.42,0.31,27.54,0.01
10,9.48,0.31,27.64,0.01
0,9.54,0.31,27.73,0.01
30,9.61,0.31,27.82,0.01
0,9.67,0.31,27.91,0.01
17,9.73,0.31,28,0.01
18,9.8,0.31,28.09,0.01
0,9.86,0.32,28.18,0.01
26,9.93,0.32,28.28,0.01
0,9.99,0.32,28.37,0.01
5,10.05,0.32,28.46,0.01
53,10.12,0.32,28.55,0.01
0,10.19,0.32,28.65,0.01
47,10.25,0.32,28.74,0.01
0,10.32,0.32,28.83,0.01
25,10.39,0.32,28.92,0.01
0,10.45,0.32,29.02,0.01
0,10.52,0.33,29.11,0.01
65,10.59,0.33,29.2,0.01
0,10.65,0.33,29.3,0.01
0,10.72,0.33,29.39,0.01
0,10.79,0.33,29.48,0.01
0,10.86,0.33,29.57,0.01
81,10.92,0.33,29.66,0.01
0,10.99,0.33,29.76,0.01
87,11.06,0.33,29.85,0.01
0,11.13,0.33,29.94,0.01
0,11.2,0.34,30.03,0.01
10,11.27,0.34,30.13,0.01
0,11.34,0.34,30.22,0.01
114,11.41,0.34,30.31,0.01
0,11.48,0.34,30.41,0.01
88,11.55,0.34,30.5,0.01
0,11.62,0.34,30.59,0.01
0,11.69,0.34,30.69,0.01
53,11.76,0.34,30.78,0.01
0,11.83,0.34,30.87,0.01
49,11.9,0.35,30.96,0.01
0,11.97,0.35,31.06,0.01
53,12.05,0.35,31.15,0.01
0,12.12,0.35,31.24,0.01
57,12.19,0.35,31.34,0.01
0,12.26,0.35,31.43,0.01
0,12.34,0.35,31.52,0.01
67,12.41,0.35,31.61,0.01
0,12.48,0.35,31.71,0.01
70,12.56,0.35,31.8,0.01
0,12.63,0.36,31.89,0.01
18,12.7,0.36,31.99,0.01
0,12.78,0.36,32.08,0.01
0,12.85,0.36,32.17,0.01
0,12.92,0.36,32.26,0.01
16,13,0.36,32.35,0.01
33,13.07,0.36,32.45,0.01
0,13.15,0.36,32.54,0.01
59,13.22,0.36,32.63,0.01
23,13.3,0.36,32.73,0.01
77,13.38,0.37,32.82,0.01
22,13.45,0.37,32.92,0.01
57,13.53,0.37,33.01,0.01
26,13.61,0.37,33.1,0.01
51,13.68,0.37,33.2,0.01
51,13.76,0.37,33.29,0.01
39,13.84,0.37,33.38,0.01
22,13.92,0.37,33.48,0.01
50,13.99,0.37,33.57,0.01
49,14.07,0.37,33.66,0.01
21,14.15,0.38,33.76,0.01
29,14.23,0.38,33.85,0.01
45,14.31,0.38,33.94,0.01
7,14.39,0.38,34.04,0.01
24,14.47,0.38,34.13,0.01
27,14.55,0.38,34.22,0.01
39,14.62,0.38,34.32,0.01
53,14.7,0.38,34.41,0.01
36,14.78,0.38,34.51,0.01
37,14.87,0.38,34.6,0.01
11,14.95,0.39,34.69,0.01
53,15.03,0.39,34.79,0.01
24,15.11,0.39,34.88,0.01
53,15.19,0.39,34.97,0.01
23,15.27,0.39,35.07,0.01
42,15.35,0.39,35.16,0.01
36,15.43,0.39,35.25,0.01
40,15.52,0.39,35.35,0.01
67,15.6,0.39,35.44,0.01
70,15.68,0.39,35.54,0.01
68,15.76,0.4,35.63,0.01
62,15.85,0.4,35.72,0.01
67,15.93,0.4,35.82,0.01
59,16.01,0.4,35.91,0.01
60,16.1,0.4,36,0.02
71,16.18,0.4,36.1,0.01
58,16.26,0.4,36.19,0.01
68,16.35,0.4,36.28,0.02
54,16.43,0.4,36.38,0.02
88,16.52,0.4,36.47,0.02
64,16.6,0.41,36.56,0.02
45,16.69,0.41,36.66,0.02
56,16.77,0.41,36.75,0.02
73,16.86,0.41,36.85,0.02
66,16.95,0.41,36.94,0.02
72,17.03,0.41,37.03,0.02
91,17.12,0.41,37.13,0.02
79,17.2,0.41,37.22,0.02
78,17.29,0.41,37.31,0.02
83,17.38,0.41,37.41,0.02
91,17.47,0.42,37.5,0.02
90,17.55,0.42,37.59,0.02
77,17.64,0.42,37.69,0.02
83,17.73,0.42,37.78,0.02
75,17.82,0.42,37.88,0.02
83,17.91,0.42,37.97,0.02
74,17.99,0.42,38.06,0.02
98,18.08,0.42,38.16,0.02
69,18.17,0.42,38.25,0.02
105,18.26,0.42,38.35,0.02
88,18.35,0.43,38.44,0.02
82,18.44,0.43,38.53,0.02
102,18.53,0.43,38.63,0.02
91,18.62,0.43,38.72,0.02
96,18.71,0.43,38.81,0.02
67,18.8,0.43,38.91,0.02
75,18.89,0.43,39,0.02
72,18.98,0.43,39.09,0.02
118,19.08,0.43,39.19,0.02
81,19.17,0.43,39.28,0.02
96,19.26,0.44,39.38,0.02
87,19.35,0.44,39.47,0.02
96,19.44,0.44,39.56,0.02
72,19.53,0.44,39.66,0.02
105,19.63,0.44,39.75,0.02
91,19.72,0.44,39.85,0.02
79,19.81,0.44,39.94,0.02
102,19.91,0.44,40.03,0.02
81,20,0.44,40.13,0.02
108,20.1,0.44,40.22,0.02
84,20.19,0.45,40.32,0.02
96,20.28,0.45,40.41,0.02
98,20.38,0.45,40.5,0.02
96,20.47,0.45,40.6,0.02
81,20.57,0.45,40.69,0.02
92,20.66,0.45,40.78,0.02
93,20.76,0.45,40.88,0.02
97,20.85,0.45,40.97,0.02
99,20.95,0.45,41.07,0.02
93,21.04,0.45,41.16,0.02
94,21.14,0.46,41.25,0.02
99,21.23,0.46,41.35,0.02
108,21.33,0.46,41.44,0.02
93,21.43,0.46,41.54,0.02
110,21.53,0.46,41.63,0.02
97,21.62,0.46,41.72,0.02
88,21.72,0.46,41.82,0.02
120,21.82,0.46,41.91,0.02
115,21.92,0.46,42.01,0.02
102,22.02,0.46,42.1,0.02
130,22.12,0.47,42.2,0.02
107,22.22,0.47,42.29,0.02
94,22.32,0.47,42.39,0.02
119,22.42,0.47,42.48,0.02
110,22.52,0.47,42.58,0.02
122,22.62,0.47,42.67,0.02
77,22.72,0.47,42.76,0.02
121,22.82,0.47,42.86,0.02
95,22.92,0.47,42.95,0.02
115,23.02,0.47,43.05,0.02
105,23.12,0.48,43.14,0.02
93,23.22,0.48,43.24,0.02
135,23.32,0.48,43.33,0.02
111,23.43,0.48,43.43,0.02
115,23.53,0.48,43.52,0.02
114,23.63,0.48,43.62,0.02
120,23.74,0.48,43.71,0.02
114,23.84,0.48,43.81,0.02
100,23.94,0.48,43.9,0.02
121,24.05,0.48,44,0.02
122,24.15,0.49,44.09,0.02
117,24.25,0.49,44.19,0.02
99,24.36,0.49,44.28,0.02
105,24.46,0.49,44.38,0.02
122,24.57,0.49,44.47,0.02
94,24.67,0.49,44.57,0.02
112,24.78,0.49,44.66,0.02
147,24.88,0.49,44.76,0.02
100,24.99,0.49,44.85,0.02
131,25.1,0.49,44.95,0.02
137,25.2,0.5,45.04,0.02
114,25.31,0.5,45.14,0.02
121,25.41,0.5,45.23,0.02
126,25.52,0.5,45.33,0.02
116,25.63,0.5,45.42,0.02
117,25.74,0.5,45.52,0.02
139,25.84,0.5,45.61,0.02
143,25.95,0.5,45.71,0.02
121,26.06,0.5,45.8,0.02
139,26.17,0.5,45.9,0.02
128,26.28,0.51,45.99,0.02
126,26.39,0.51,46.09,0.02
141,26.49,0.51,46.18,0.02
105,26.6,0.51,46.28,0.02
120,26.71,0.51,46.37,0.02
124,26.82,0.51,46.47,0.02
121,26.93,0.51,46.56,0.02
117,27.04,0.51,46.66,0.02
113,27.15,0.51,46.75,0.03
118,27.27,0.51,46.85,0.03
115,27.38,0.52,46.94,0.03
119,27.49,0.52,47.04,0.03
132,27.6,0.52,47.13,0.03
108,27.71,0.52,47.23,0.03
129,27.82,0.52,47.32,0.03
136,27.94,0.52,47.42,0.03
106,28.05,0.52,47.51,0.03
110,28.16,0.52,47.61,0.03
122,28.27,0.52,47.71,0.03
120,28.39,0.52,47.8,0.03
118,28.5,0.53,47.9,0.03
112,28.61,0.53,47.99,0.03
141,28.73,0.53,48.09,0.03
107,28.84,0.53,48.18,0.03
120,28.96,0.53,48.28,0.03
112,29.07,0.53,48.37,0.03
134,29.18,0.53,48.47,0.03
114,29.3,0.53,48.56,0.03
116,29.41,0.53,48.66,0.03
128,29.53,0.53,48.75,0.03
112,29.65,0.54,48.85,0.03
110,29.76,0.54,48.94,0.03
120,29.88,0.54,49.04,0.03
130,29.99,0.54,49.13,0.03
90,30.11,0.54,49.23,0.03
117,30.23,0.54,49.32,0.03
128,30.34,0.54,49.42,0.03
102,30.46,0.54,49.51,0.03
120,30.58,0.54,49.61,0.03
135,30.7,0.54,49.71,0.03
106,30.81,0.55,49.8,0.03
109,30.93,0.55,49.9,0.03
126,31.05,0.55,49.99,0.03
130,31.17,0.55,50.09,0.03
128,31.29,0.55,50.18,0.03
110,31.41,0.55,50.28,0.03
132,31.52,0.55,50.37,0.03
113,31.64,0.55,50.47,0.03
126,31.76,0.55,50.56,0.03
95,31.88,0.55,50.66,0.03
121,32,0.56,50.75,0.03
130,32.12,0.56,50.85,0.03
107,32.24,0.56,50.94,0.03
142,32.36,0.56,51.04,0.03
121,32.48,0.56,51.13,0.03
143,32.61,0.56,51.23,0.03
147,32.73,0.56,51.32,0.03
106,32.85,0.56,51.42,0.03
131,32.97,0.56,51.52,0.03
126,33.09,0.56,51.61,0.03
148,33.22,0.57,51.71,0.03
113,33.34,0.57,51.8,0.03
152,33.46,0.57,51.9,0.03
131,33.58,0.57,51.99,0.03
153,33.71,0.57,52.09,0.03
141,33.83,0.57,52.18,0.03
140,33.95,0.57,52.28,0.03
137,34.08,0.57,52.37,0.03
151,34.2,0.57,52.47,0.03
124,34.33,0.57,52.56,0.03
149,34.45,0.58,52.66,0.03
147,34.58,0.58,52.75,0.03
143,34.7,0.58,52.85,0.03
155,34.83,0.58,52.94,0.03
119,34.95,0.58,53.04,0.03
147,35.08,0.58,53.13,0.03
141,35.2,0.58,53.23,0.03
153,35.33,0.58,53.32,0.03
136,35.46,0.58,53.42,0.03
172,35.58,0.58,53.51,0.03
139,35.71,0.59,53.61,0.03
145,35.84,0.59,53.7,0.03
151,35.96,0.59,53.8,0.03
140,36.09,0.59,53.9,0.03
155,36.22,0.59,53.99,0.03
144,36.35,0.59,54.09,0.03
148,36.47,0.59,54.18,0.03
160,36.6,0.59,54.28,0.03
128,36.73,0.59,54.37,0.03
166,36.86,0.59,54.47,0.03
144,36.99,0.6,54.56,0.03
136,37.12,0.6,54.66,0.03
148,37.25,0.6,54.75,0.03
150,37.38,0.6,54.85,0.03
170,37.51,0.6,54.94,0.03
152,37.64,0.6,55.04,0.03
149,37.77,0.6,55.13,0.03
151,37.9,0.6,55.23,0.03
143,38.03,0.6,55.32,0.03
148,38.16,0.6,55.42,0.03
162,38.29,0.61,55.51,0.03
157,38.42,0.61,55.61,0.04
162,38.55,0.61,55.7,0.04
162,38.69,0.61,55.8,0.04
164,38.82,0.61,55.89,0.04
158,38.95,0.61,55.99,0.04
154,39.08,0.61,56.08,0.04
155,39.22,0.61,56.18,0.04
157,39.35,0.61,56.27,0.04
172,39.48,0.61,56.37,0.04
138,39.62,0.62,56.47,0.04
149,39.75,0.62,56.56,0.04
153,39.88,0.62,56.66,0.04
159,40.02,0.62,56.75,0.04
187,40.15,0.62,56.85,0.04
170,40.29,0.62,56.94,0.04
143,40.42,0.62,57.04,0.04
190,40.56,0.62,57.13,0.04
163,40.69,0.62,57.23,0.04
160,40.83,0.62,57.32,0.04
179,40.96,0.63,57.42,0.04
162,41.1,0.63,57.51,0.04
145,41.24,0.63,57.61,0.04
153,41.37,0.63,57.7,0.04
169,41.51,0.63,57.8,0.04
164,41.65,0.63,57.89,0.04
162,41.78,0.63,57.99,0.04
176,41.92,0.63,58.08,0.04
166,42.06,0.63,58.18,0.04
154,42.2,0.63,58.27,0.04
169,42.33,0.64,58.37,0.04
173,42.47,0.64,58.46,0.04
152,42.61,0.64,58.56,0.04
161,42.75,0.64,58.65,0.04
165,42.89,0.64,58.75,0.04
163,43.03,0.64,58.85,0.04
159,43.17,0.64,58.94,0.04
163,43.31,0.64,59.04,0.04
158,43.45,0.64,59.13,0.04
157,43.59,0.64,59.23,0.04
168,43.73,0.65,59.32,0.04
156,43.87,0.65,59.42,0.04
177,44.01,0.65,59.51,0.04
178,44.15,0.65,59.61,0.04
140,44.29,0.65,59.7,0.04
164,44.43,0.65,59.8,0.04
171,44.58,0.65,59.89,0.04
171,44.72,0.65,59.99,0.04
167,44.86,0.65,60.08,0.04
167,45,0.65,60.18,0.04
176,45.14,0.66,60.27,0.04
167,45.29,0.66,60.37,0.04
148,45.43,0.66,60.46,0.04
158,45.57,0.66,60.56,0.04
164,45.72,0.66,60.65,0.04
184,45.86,0.66,60.75,0.04
165,46.01,0.66,60.85,0.04
168,46.15,0.66,60.94,0.04
167,46.29,0.66,61.04,0.04
161,46.44,0.66,61.13,0.04
182,46.58,0.67,61.23,0.04
169,46.73,0.67,61.32,0.04
161,46.88,0.67,61.42,0.04
167,47.02,0.67,61.51,0.04
159,47.17,0.67,61.61,0.04
154,47.31,0.67,61.7,0.04
158,47.46,0.67,61.8,0.04
157,47.61,0.67,61.9,0.04
157,47.75,0.67,61.99,0.04
154,47.9,0.67,62.09,0.04
148,48.05,0.68,62.18,0.04
168,48.19,0.68,62.28,0.04
174,48.34,0.68,62.37,0.04
172,48.49,0.68,62.47,0.04
148,48.64,0.68,62.56,0.04
154,48.79,0.68,62.66,0.04
151,48.94,0.68,62.75,0.04
168,49.08,0.68,62.85,0.04
163,49.23,0.68,62.94,0.04
162,49.38,0.68,63.04,0.04
159,49.53,0.69,63.13,0.04
178,49.68,0.69,63.23,0.05
159,49.83,0.69,63.32,0.05
163,49.98,0.69,63.42,0.04
166,50.13,0.69,63.51,0.05
164,50.28,0.69,63.61,0.05
164,50.43,0.69,63.71,0.05
157,50.59,0.69,63.8,0.05
159,50.74,0.69,63.9,0.05
157,50.89,0.69,63.99,0.05
153,51.04,0.7,64.09,0.05
152,51.19,0.7,64.18,0.05
155,51.34,0.7,64.28,0.05
161,51.5,0.7,64.37,0.05
155,51.65,0.7,64.47,0.05
157,51.8,0.7,64.56,0.05
155,51.95,0.7,64.66,0.05
153,52.11,0.7,64.75,0.05
153,52.26,0.7,64.85,0.05
153,52.41,0.7,64.94,0.05
151,52.57,0.71,65.04,0.05
165,52.72,0.71,65.13,0.05
154,52.88,0.71,65.23,0.05
151,53.03,0.71,65.33,0.05
161,53.19,0.71,65.42,0.05
161,53.34,0.71,65.52,0.05
159,53.5,0.71,65.61,0.05
158,53.65,0.71,65.71,0.05
153,53.81,0.71,65.8,0.05
156,53.97,0.71,65.9,0.05
153,54.12,0.72,65.99,0.05
153,54.28,0.72,66.09,0.05
153,54.44,0.72,66.18,0.05
147,54.59,0.72,66.28,0.05
145,54.75,0.72,66.37,0.05
144,54.91,0.72,66.47,0.05
143,55.07,0.72,66.56,0.05
156,55.22,0.72,66.66,0.05
158,55.38,0.72,66.76,0.05
157,55.54,0.72,66.85,0.05
141,55.7,0.73,66.95,0.05
135,55.86,0.73,67.04,0.05
155,56.01,0.73,67.14,0.05
150,56.17,0.73,67.23,0.05
154,56.33,0.73,67.33,0.05
132,56.49,0.73,67.42,0.05
133,56.65,0.73,67.52,0.05
128,56.81,0.73,67.61,0.05
145,56.97,0.73,67.71,0.05
139,57.13,0.73,67.8,0.05
140,57.3,0.74,67.9,0.05
138,57.46,0.74,67.99,0.05
138,57.62,0.74,68.09,0.05
136,57.78,0.74,68.19,0.05
135,57.94,0.74,68.28,0.05
134,58.1,0.74,68.38,0.05
131,58.26,0.74,68.47,0.05
133,58.43,0.74,68.57,0.05
128,58.59,0.74,68.66,0.05
127,58.75,0.74,68.76,0.05
126,58.92,0.75,68.85,0.05
125,59.08,0.75,68.95,0.05
130,59.24,0.75,69.04,0.05
125,59.41,0.75,69.14,0.05
142,59.57,0.75,69.23,0.05
124,59.73,0.75,69.33,0.05
138,59.9,0.75,69.42,0.05
143,60.06,0.75,69.52,0.05
145,60.23,0.75,69.62,0.05
139,60.39,0.75,69.71,0.05
136,60.56,0.76,69.81,0.05
137,60.73,0.76,69.9,0.05
153,60.89,0.76,70,0.05
143,61.06,0.76,70.09,0.05
135,61.22,0.76,70.19,0.06
138,61.39,0.76,70.28,0.05
138,61.56,0.76,70.38,0.06
157,61.72,0.76,70.47,0.06
138,61.89,0.76,70.57,0.06
128,62.06,0.76,70.66,0.06
152,62.23,0.77,70.76,0.06
130,62.39,0.77,70.85,0.06
133,62.56,0.77,70.95,0.06
119,62.73,0.77,71.04,0.06
131,62.9,0.77,71.14,0.06
132,63.07,0.77,71.24,0.06
131,63.24,0.77,71.33,0.06
134,63.41,0.77,71.43,0.06
121,63.58,0.77,71.52,0.06
127,63.74,0.77,71.62,0.06
131,63.92,0.78,71.71,0.06
130,64.09,0.78,71.81,0.06
133,64.26,0.78,71.9,0.06
138,64.43,0.78,72,0.06
136,64.6,0.78,72.09,0.06
135,64.77,0.78,72.19,0.06
131,64.94,0.78,72.28,0.06
131,65.11,0.78,72.38,0.06
126,65.28,0.78,72.48,0.06
142,65.45,0.78,72.57,0.06
114,65.63,0.79,72.67,0.06
132,65.8,0.79,72.76,0.06
133,65.97,0.79,72.86,0.06
114,66.14,0.79,72.95,0.06
128,66.32,0.79,73.05,0.06
133,66.49,0.79,73.14,0.06
120,66.66,0.79,73.24,0.06
135,66.84,0.79,73.33,0.06
138,67.01,0.79,73.43,0.06
120,67.18,0.79,73.52,0.06
138,67.36,0.8,73.62,0.06
120,67.53,0.8,73.71,0.06
119,67.71,0.8,73.81,0.06
123,67.88,0.8,73.9,0.06
123,68.06,0.8,74,0.06
124,68.23,0.8,74.09,0.06
124,68.41,0.8,74.19,0.06
122,68.58,0.8,74.28,0.06
128,68.76,0.8,74.38,0.06
112,68.94,0.8,74.47,0.06
126,69.11,0.81,74.57,0.06
128,69.29,0.81,74.67,0.06
125,69.47,0.81,74.76,0.06
115,69.64,0.81,74.86,0.06
110,69.82,0.81,74.95,0.06
113,70,0.81,75.05,0.06
108,70.18,0.81,75.14,0.06
111,70.35,0.81,75.24,0.06
119,70.53,0.81,75.33,0.06
134,70.71,0.81,75.43,0.06
118,70.89,0.82,75.52,0.06
115,71.07,0.82,75.62,0.06
106,71.25,0.82,75.71,0.06
120,71.43,0.82,75.81,0.06
125,71.61,0.82,75.91,0.06
111,71.79,0.82,76,0.06
113,71.97,0.82,76.1,0.06
129,72.15,0.82,76.19,0.06
113,72.33,0.82,76.29,0.06
113,72.51,0.82,76.38,0.07
114,72.69,0.83,76.48,0.07
116,72.87,0.83,76.57,0.07
102,73.06,0.83,76.67,0.06
117,73.24,0.83,76.76,0.07
124,73.42,0.83,76.86,0.07
108,73.6,0.83,76.95,0.07
115,73.78,0.83,77.05,0.07
120,73.97,0.83,77.14,0.07
110,74.15,0.83,77.24,0.07
109,74.33,0.83,77.34,0.07
93,74.52,0.84,77.43,0.07
107,74.7,0.84,77.52,0.07
118,74.88,0.84,77.62,0.07
113,75.07,0.84,77.71,0.07
113,75.25,0.84,77.81,0.07
107,75.44,0.84,77.91,0.07
105,75.62,0.84,78,0.07
106,75.81,0.84,78.1,0.07
114,75.99,0.84,78.19,0.07
113,76.18,0.84,78.29,0.07
107,76.36,0.85,78.38,0.07
107,76.55,0.85,78.48,0.07
100,76.73,0.85,78.57,0.07
98,76.92,0.85,78.67,0.07
96,77.1,0.85,78.76,0.07
107,77.29,0.85,78.86,0.07
101,77.48,0.85,78.95,0.07
103,77.66,0.85,79.05,0.07
111,77.85,0.85,79.14,0.07
96,78.04,0.85,79.24,0.07
109,78.22,0.86,79.33,0.07
107,78.41,0.86,79.43,0.07
105,78.6,0.86,79.52,0.07
105,78.79,0.86,79.62,0.07
93,78.97,0.86,79.71,0.07
93,79.16,0.86,79.81,0.07
102,79.35,0.86,79.9,0.07
101,79.54,0.86,80,0.07
111,79.73,0.86,80.09,0.07
113,79.92,0.86,80.19,0.07
91,80.1,0.87,80.28,0.07
105,80.3,0.87,80.37,0.07
103,80.49,0.87,80.47,0.07
111,80.68,0.87,80.57,0.07
108,80.87,0.87,80.66,0.07
89,81.06,0.87,80.75,0.07
100,81.25,0.87,80.85,0.07
99,81.44,0.87,80.94,0.07
111,81.63,0.87,81.04,0.07
103,81.82,0.87,81.13,0.07
103,82.01,0.88,81.23,0.07
96,82.2,0.88,81.32,0.07
94,82.39,0.88,81.42,0.07
91,82.58,0.88,81.51,0.07
91,82.77,0.88,81.61,0.07
98,82.96,0.88,81.7,0.07
95,83.15,0.88,81.79,0.07
88,83.34,0.88,81.89,0.07
92,83.53,0.88,81.98,0.07
86,83.73,0.88,82.07,0.07
96,83.92,0.89,82.17,0.07
89,84.11,0.89,82.26,0.07
90,84.3,0.89,82.35,0.07
85,84.49,0.89,82.45,0.07
102,84.69,0.89,82.54,0.08
95,84.88,0.89,82.64,0.07
86,85.07,0.89,82.73,0.07
88,85.27,0.89,82.83,0.08
81,85.46,0.89,82.92,0.07
81,85.65,0.89,83.01,0.07
91,85.85,0.9,83.11,0.08
84,86.04,0.9,83.2,0.07
82,86.23,0.9,83.29,0.08
80,86.43,0.9,83.39,0.08
77,86.62,0.9,83.48,0.08
88,86.82,0.9,83.57,0.08
84,87.01,0.9,83.67,0.08
79,87.21,0.9,83.76,0.08
75,87.4,0.9,83.85,0.08
74,87.6,0.9,83.95,0.08
89,87.79,0.91,84.04,0.08
78,87.99,0.91,84.14,0.08
91,88.18,0.91,84.23,0.08
89,88.38,0.91,84.32,0.08
99,88.58,0.91,84.42,0.08
80,88.78,0.91,84.51,0.08
73,88.97,0.91,84.61,0.08
66,89.17,0.91,84.7,0.08
80,89.37,0.91,84.79,0.08
93,89.57,0.91,84.89,0.08
72,89.77,0.92,84.98,0.08
84,89.96,0.92,85.08,0.08
63,90.16,0.92,85.17,0.08
91,90.36,0.92,85.26,0.08
54,90.56,0.92,85.36,0.08
79,90.76,0.92,85.45,0.08
82,90.96,0.92,85.55,0.08
88,91.16,0.92,85.64,0.08
68,91.36,0.92,85.73,0.08
78,91.56,0.92,85.83,0.08
76,91.76,0.93,85.92,0.08
86,91.96,0.93,86.01,0.08
67,92.16,0.93,86.11,0.08
78,92.36,0.93,86.2,0.08
74,92.56,0.93,86.3,0.08
83,92.77,0.93,86.39,0.08
65,92.97,0.93,86.48,0.08
76,93.17,0.93,86.58,0.08
73,93.37,0.93,86.67,0.08
83,93.57,0.93,86.76,0.08
62,93.78,0.94,86.86,0.08
73,93.98,0.94,86.95,0.08
69,94.18,0.94,87.05,0.08
80,94.39,0.94,87.14,0.08
77,94.59,0.94,87.23,0.08
73,94.79,0.94,87.33,0.08
66,95,0.94,87.42,0.08
81,95.2,0.94,87.51,0.08
68,95.4,0.94,87.61,0.08
64,95.61,0.94,87.7,0.08
77,95.81,0.95,87.8,0.08
58,96.02,0.95,87.89,0.08
68,96.22,0.95,87.98,0.08
64,96.43,0.95,88.08,0.08
91,96.63,0.95,88.17,0.08
54,96.84,0.95,88.27,0.09
66,97.04,0.95,88.36,0.08
75,97.25,0.95,88.45,0.08
51,97.46,0.95,88.55,0.08
80,97.66,0.95,88.64,0.09
60,97.87,0.96,88.73,0.09
88,98.08,0.96,88.83,0.09
49,98.28,0.96,88.92,0.09
77,98.49,0.96,89.01,0.09
56,98.7,0.96,89.11,0.09
68,98.91,0.96,89.2,0.09
76,99.11,0.96,89.3,0.09
56,99.32,0.96,89.39,0.09
69,99.53,0.96,89.48,0.09
45,99.74,0.96,89.58,0.09
54,99.95,0.97,89.66,0.08
65,100.16,0.97,89.56,-0.09
62,100.37,0.97,89.47,-0.09
62,100.58,0.97,89.37,-0.09
66,100.79,0.97,89.28,-0.09
46,101,0.97,89.18,-0.09
61,101.22,0.97,89.09,-0.09
57,101.43,0.97,88.99,-0.09
63,101.64,0.97,88.9,-0.09
63,101.85,0.97,88.8,-0.09
58,102.06,0.98,88.71,-0.09
88,102.27,0.98,88.61,-0.09
52,102.48,0.98,88.52,-0.09
60,102.69,0.98,88.42,-0.09
73,102.89,0.98,88.33,-0.09
55,103.1,0.98,88.23,-0.09
68,103.31,0.98,88.14,-0.09
59,103.52,0.98,88.04,-0.09
73,103.73,0.98,87.95,-0.09
67,103.94,0.98,87.85,-0.09
79,104.15,0.99,87.76,-0.09
78,104.35,0.99,87.66,-0.09
57,104.56,0.99,87.56,-0.09
71,104.77,0.99,87.47,-0.09
77,104.98,0.99,87.37,-0.09
59,105.18,0.99,87.28,-0.09
71,105.39,0.99,87.18,-0.09
68,105.6,0.99,87.09,-0.09
80,105.8,0.99,86.99,-0.09
60,106.01,0.99,86.9,-0.09
74,106.21,1,86.8,-0.09
69,106.42,1,86.71,-0.1
62,106.62,1,86.61,-0.1
76,106.83,1,86.52,-0.1
73,107.03,1,86.42,-0.09
83,107.24,1,86.33,-0.1
64,107.44,1,86.23,-0.09
94,107.65,1,86.14,-0.1
73,107.85,1,86.04,-0.1
85,108.05,1,85.95,-0.1
67,108.26,1.01,85.85,-0.1
77,108.46,1.01,85.76,-0.1
78,108.66,1.01,85.66,-0.1
89,108.87,1.01,85.57,-0.1
66,109.07,1.01,85.47,-0.1
61,109.27,1.01,85.37,-0.1
87,109.47,1.01,85.28,-0.1
76,109.68,1.01,85.18,-0.1
85,109.88,1.01,85.09,-0.1
67,110.08,1.01,84.99,-0.1
93,110.28,1.02,84.9,-0.1
61,110.48,1.02,84.8,-0.1
88,110.68,1.02,84.71,-0.1
72,110.88,1.02,84.61,-0.1
94,111.08,1.02,84.52,-0.1
78,111.28,1.02,84.42,-0.1
90,111.48,1.02,84.33,-0.1
74,111.68,1.02,84.23,-0.1
83,111.88,1.02,84.14,-0.1
98,112.08,1.02,84.04,-0.1
83,112.28,1.03,83.95,-0.1
80,112.48,1.03,83.85,-0.1
90,112.68,1.03,83.76,-0.1
88,112.88,1.03,83.66,-0.1
80,113.08,1.03,83.56,-0.1
98,113.27,1.03,83.47,-0.1
91,113.47,1.03,83.37,-0.1
106,113.67,1.03,83.28,-0.1
86,113.87,1.03,83.18,-0.1
81,114.07,1.03,83.09,-0.1
76,114.26,1.04,82.99,-0.1
91,114.46,1.04,82.9,-0.1
87,114.66,1.04,82.8,-0.1
87,114.85,1.04,82.71,-0.1
86,115.05,1.04,82.61,-0.1
94,115.25,1.04,82.52,-0.1
94,115.44,1.04,82.42,-0.1
88,115.64,1.04,82.33,-0.1
90,115.83,1.04,82.23,-0.1
86,116.03,1.04,82.14,-0.1
86,116.22,1.05,82.04,-0.1
99,116.42,1.05,81.94,-0.1
91,116.61,1.05,81.85,-0.11
92,116.8,1.05,81.75,-0.11
106,117,1.05,81.66,-0.11
99,117.2,1.05,81.56,-0.11
101,117.39,1.05,81.46,-0.11
95,117.59,1.05,81.37,-0.11
95,117.78,1.05,81.27,-0.11
108,117.98,1.05,81.18,-0.11
108,118.17,1.06,81.08,-0.11
102,118.37,1.06,80.98,-0.11
97,118.56,1.06,80.88,-0.11
102,118.76,1.06,80.79,-0.11
95,118.95,1.06,80.69,-0.11
108,119.14,1.06,80.6,-0.11
106,119.34,1.06,80.5,-0.11
105,119.53,1.06,80.4,-0.11
91,119.72,1.06,80.31,-0.11
113,119.92,1.06,80.21,-0.11
112,120.11,1.07,80.11,-0.11
92,120.3,1.07,80.02,-0.11
91,120.49,1.07,79.92,-0.11
109,120.68,1.07,79.82,-0.11
101,120.88,1.07,79.73,-0.11
103,121.07,1.07,79.63,-0.11
93,121.26,1.07,79.53,-0.11
93,121.45,1.07,79.44,-0.11
107,121.64,1.07,79.34,-0.11
123,121.83,1.07,79.24,-0.11
105,122.02,1.08,79.15,-0.11
101,122.21,1.08,79.05,-0.11
95,122.4,1.08,78.96,-0.11
110,122.59,1.08,78.86,-0.11
111,122.78,1.08,78.76,-0.11
109,122.97,1.08,78.66,-0.11
102,123.16,1.08,78.57,-0.11
98,123.35,1.08,78.47,-0.11
100,123.54,1.08,78.37,-0.11
98,123.73,1.08,78.28,-0.11
110,123.91,1.09,78.18,-0.11
112,124.1,1.09,78.08,-0.11
113,124.29,1.09,77.99,-0.12
104,124.48,1.09,77.89,-0.11
108,124.67,1.09,77.79,-0.12
104,124.86,1.09,77.7,-0.12
118,125.04,1.09,77.6,-0.12
105,125.23,1.09,77.5,-0.12
119,125.42,1.09,77.4,-0.12
108,125.6,1.09,77.31,-0.12
109,125.79,1.1,77.21,-0.12
97,125.97,1.1,77.11,-0.12
123,126.16,1.1,77.02,-0.12
123,126.35,1.1,76.92,-0.12
112,126.53,1.1,76.82,-0.12
105,126.72,1.1,76.72,-0.12
114,126.91,1.1,76.63,-0.12
103,127.09,1.1,76.53,-0.12
102,127.28,1.1,76.43,-0.12
128,127.46,1.1,76.34,-0.12
111,127.65,1.11,76.24,-0.12
132,127.83,1.11,76.14,-0.12
106,128.02,1.11,76.04,-0.12
122,128.2,1.11,75.95,-0.12
105,128.38,1.11,75.85,-0.12
105,128.57,1.11,75.75,-0.12
136,128.75,1.11,75.65,-0.12
117,128.94,1.11,75.56,-0.12
116,129.12,1.11,75.46,-0.12
110,129.3,1.11,75.36,-0.12
110,129.49,1.12,75.26,-0.12
115,129.67,1.12,75.16,-0.12
112,129.85,1.12,75.07,-0.12
136,130.03,1.12,74.97,-0.12
126,130.21,1.12,74.87,-0.12
123,130.4,1.12,74.78,-0.12
125,130.58,1.12,74.68,-0.12
114,130.76,1.12,74.58,-0.12
117,130.94,1.12,74.48,-0.12
116,131.12,1.12,74.38,-0.12
123,131.3,1.13,74.29,-0.12
111,131.48,1.13,74.19,-0.12
129,131.66,1.13,74.09,-0.12
113,131.84,1.13,73.99,-0.12
128,132.02,1.13,73.9,-0.12
122,132.2,1.13,73.8,-0.12
120,132.38,1.13,73.7,-0.13
116,132.55,1.13,73.6,-0.12
109,132.73,1.13,73.51,-0.12
136,132.91,1.13,73.41,-0.13
117,133.09,1.14,73.31,-0.13
135,133.27,1.14,73.21,-0.13
126,133.45,1.14,73.12,-0.13
128,133.62,1.14,73.02,-0.13
116,133.8,1.14,72.92,-0.13
109,133.98,1.14,72.82,-0.13
115,134.15,1.14,72.73,-0.13
117,134.33,1.14,72.63,-0.13
119,134.51,1.14,72.53,-0.13
125,134.68,1.14,72.43,-0.13
132,134.86,1.15,72.34,-0.13
132,135.03,1.15,72.24,-0.13
135,135.21,1.15,72.14,-0.13
136,135.38,1.15,72.04,-0.13
125,135.56,1.15,71.95,-0.13
125,135.73,1.15,71.85,-0.13
125,135.91,1.15,71.75,-0.13
124,136.08,1.15,71.65,-0.13
118,136.25,1.15,71.56,-0.13
123,136.43,1.15,71.46,-0.13
120,136.6,1.16,71.36,-0.13
138,136.77,1.16,71.27,-0.13
140,136.95,1.16,71.17,-0.13
142,137.12,1.16,71.07,-0.13
128,137.29,1.16,70.97,-0.13
128,137.46,1.16,70.88,-0.13
138,137.63,1.16,70.78,-0.13
132,137.81,1.16,70.68,-0.13
133,137.98,1.16,70.58,-0.13
134,138.15,1.16,70.49,-0.13
136,138.32,1.17,70.39,-0.13
141,138.49,1.17,70.29,-0.13
126,138.66,1.17,70.19,-0.13
127,138.83,1.17,70.1,-0.13
128,139,1.17,70,-0.13
130,139.17,1.17,69.9,-0.13
129,139.34,1.17,69.8,-0.13
135,139.51,1.17,69.71,-0.13
137,139.68,1.17,69.61,-0.14
137,139.85,1.17,69.51,-0.13
139,140.01,1.18,69.41,-0.14
141,140.18,1.18,69.32,-0.13
144,140.35,1.18,69.22,-0.14
131,140.52,1.18,69.12,-0.13
147,140.69,1.18,69.02,-0.14
137,140.85,1.18,68.93,-0.14
131,141.02,1.18,68.83,-0.14
132,141.19,1.18,68.73,-0.14
137,141.35,1.18,68.63,-0.14
141,141.52,1.18,68.54,-0.14
126,141.69,1.19,68.44,-0.14
140,141.85,1.19,68.34,-0.14
132,142.02,1.19,68.24,-0.14
122,142.18,1.19,68.15,-0.14
132,142.35,1.19,68.05,-0.14
129,142.51,1.19,67.95,-0.14
133,142.68,1.19,67.85,-0.14
146,142.84,1.19,67.76,-0.14
139,143.01,1.19,67.66,-0.14
132,143.17,1.19,67.56,-0.14
127,143.34,1.2,67.46,-0.14
144,143.5,1.2,67.37,-0.14
154,143.66,1.2,67.27,-0.14
150,143.82,1.2,67.17,-0.14
153,143.99,1.2,67.07,-0.14
135,144.15,1.2,66.98,-0.14
139,144.31,1.2,66.88,-0.14
133,144.47,1.2,66.78,-0.14
138,144.63,1.2,66.69,-0.14
138,144.79,1.21,66.59,-0.14
143,144.96,1.21,66.49,-0.14
144,145.12,1.21,66.39,-0.14
143,145.28,1.21,66.3,-0.14
143,145.44,1.21,66.2,-0.14
145,145.6,1.21,66.1,-0.14
149,145.76,1.21,66,-0.14
144,145.92,1.21,65.91,-0.14
144,146.08,1.21,65.81,-0.14
135,146.24,1.21,65.71,-0.14
149,146.4,1.22,65.61,-0.14
155,146.56,1.22,65.52,-0.15
138,146.72,1.22,65.42,-0.14
133,146.87,1.22,65.32,-0.15
138,147.03,1.22,65.22,-0.14
135,147.19,1.22,65.13,-0.15
136,147.35,1.22,65.03,-0.14
139,147.51,1.22,64.93,-0.15
142,147.66,1.22,64.83,-0.14
152,147.82,1.22,64.74,-0.15
151,147.98,1.23,64.64,-0.15
152,148.13,1.23,64.54,-0.15
154,148.29,1.23,64.44,-0.15
151,148.45,1.23,64.35,-0.15
154,148.6,1.23,64.25,-0.15
154,148.76,1.23,64.15,-0.15
142,148.91,1.23,64.05,-0.15
156,149.07,1.23,63.96,-0.15
156,149.22,1.23,63.86,-0.15
142,149.38,1.23,63.76,-0.15
143,149.53,1.24,63.66,-0.15
148,149.69,1.24,63.57,-0.15
154,149.84,1.24,63.47,-0.15
156,150,1.24,63.37,-0.15
167,150.15,1.24,63.28,-0.15
169,150.3,1.24,63.18,-0.15
148,150.46,1.24,63.08,-0.15
152,150.61,1.24,62.98,-0.15
149,150.76,1.24,62.89,-0.15
152,150.91,1.24,62.79,-0.15
150,151.07,1.25,62.69,-0.15
142,151.22,1.25,62.59,-0.15
159,151.37,1.25,62.49,-0.15
140,151.52,1.25,62.4,-0.15
165,151.67,1.25,62.3,-0.15
150,151.82,1.25,62.2,-0.15
153,151.97,1.25,62.11,-0.15
157,152.12,1.25,62.01,-0.15
153,152.28,1.25,61.91,-0.15
152,152.43,1.25,61.81,-0.15
153,152.58,1.26,61.71,-0.15
175,152.73,1.26,61.62,-0.15
172,152.88,1.26,61.52,-0.15
179,153.02,1.26,61.42,-0.16
162,153.17,1.26,61.33,-0.15
161,153.32,1.26,61.23,-0.16
144,153.47,1.26,61.13,-0.15
159,153.62,1.26,61.03,-0.16
170,153.77,1.26,60.94,-0.15
147,153.91,1.26,60.84,-0.16
161,154.06,1.27,60.74,-0.16
154,154.21,1.27,60.64,-0.16
152,154.36,1.27,60.55,-0.16
165,154.5,1.27,60.45,-0.16
162,154.65,1.27,60.35,-0.16
165,154.8,1.27,60.25,-0.16
170,154.94,1.27,60.16,-0.16
134,155.09,1.27,60.06,-0.16
146,155.23,1.27,59.96,-0.16
168,155.38,1.27,59.86,-0.16
148,155.52,1.28,59.77,-0.16
170,155.67,1.28,59.67,-0.16
149,155.81,1.28,59.57,-0.16
168,155.96,1.28,59.47,-0.16
175,156.1,1.28,59.38,-0.16
176,156.25,1.28,59.28,-0.16
176,156.39,1.28,59.18,-0.16
157,156.53,1.28,59.08,-0.16
142,156.68,1.28,58.99,-0.16
157,156.82,1.28,58.89,-0.16
152,156.96,1.29,58.79,-0.16
160,157.1,1.29,58.69,-0.16
146,157.25,1.29,58.6,-0.16
163,157.39,1.29,58.5,-0.16
158,157.53,1.29,58.4,-0.16
147,157.67,1.29,58.31,-0.16
148,157.81,1.29,58.21,-0.16
148,157.95,1.29,58.11,-0.16
153,158.09,1.29,58.01,-0.16
159,158.23,1.29,57.92,-0.16
151,158.37,1.3,57.82,-0.16
151,158.51,1.3,57.72,-0.16
151,158.65,1.3,57.62,-0.17
142,158.79,1.3,57.53,-0.16
136,158.93,1.3,57.43,-0.16
166,159.07,1.3,57.33,-0.16
153,159.21,1.3,57.24,-0.16
159,159.35,1.3,57.14,-0.16
155,159.49,1.3,57.04,-0.17
168,159.62,1.3,56.94,-0.16
163,159.76,1.31,56.85,-0.17
127,159.9,1.31,56.75,-0.17
162,160.04,1.31,56.65,-0.17
145,160.17,1.31,56.55,-0.17
156,160.31,1.31,56.46,-0.17
143,160.45,1.31,56.36,-0.17
166,160.59,1.31,56.26,-0.17
145,160.72,1.31,56.16,-0.17
127,160.86,1.31,56.07,-0.17
172,160.99,1.31,55.97,-0.17
135,161.13,1.32,55.87,-0.17
148,161.27,1.32,55.77,-0.17
160,161.4,1.32,55.68,-0.17
159,161.54,1.32,55.58,-0.17
154,161.67,1.32,55.48,-0.17
154,161.81,1.32,55.38,-0.17
155,161.94,1.32,55.29,-0.17
133,162.07,1.32,55.19,-0.17
164,162.21,1.32,55.09,-0.17
161,162.34,1.32,54.99,-0.17
149,162.47,1.33,54.89,-0.17
143,162.61,1.33,54.8,-0.17
147,162.74,1.33,54.7,-0.17
128,162.87,1.33,54.6,-0.17
142,163,1.33,54.51,-0.17
136,163.14,1.33,54.41,-0.17
132,163.27,1.33,54.31,-0.17
133,163.4,1.33,54.21,-0.17
117,163.53,1.33,54.12,-0.17
130,163.66,1.33,54.02,-0.17
136,163.79,1.34,53.92,-0.17
122,163.92,1.34,53.82,-0.17
168,164.05,1.34,53.73,-0.18
140,164.18,1.34,53.63,-0.17
131,164.31,1.34,53.53,-0.18
136,164.44,1.34,53.43,-0.17
125,164.57,1.34,53.34,-0.18
139,164.7,1.34,53.24,-0.17
143,164.83,1.34,53.14,-0.17
127,164.96,1.34,53.04,-0.18
127,165.09,1.35,52.95,-0.18
109,165.22,1.35,52.85,-0.18
130,165.34,1.35,52.75,-0.18
131,165.47,1.35,52.65,-0.18
130,165.6,1.35,52.56,-0.18
155,165.73,1.35,52.46,-0.18
96,165.85,1.35,52.36,-0.17
137,165.98,1.35,52.27,-0.18
116,166.11,1.35,52.17,-0.18
126,166.23,1.35,52.07,-0.18
136,166.36,1.36,51.97,-0.18
108,166.49,1.36,51.88,-0.18
125,166.61,1.36,51.78,-0.18
120,166.74,1.36,51.68,-0.18
130,166.86,1.36,51.58,-0.18
92,166.98,1.36,51.49,-0.18
126,167.11,1.36,51.39,-0.18
120,167.23,1.36,51.29,-0.18
113,167.36,1.36,51.2,-0.18
127,167.48,1.36,51.1,-0.18
102,167.61,1.37,51,-0.18
140,167.73,1.37,50.9,-0.18
120,167.85,1.37,50.81,-0.18
129,167.98,1.37,50.71,-0.18
88,168.1,1.37,50.61,-0.18
105,168.22,1.37,50.52,-0.18
99,168.34,1.37,50.42,-0.18
122,168.46,1.37,50.32,-0.18
81,168.58,1.37,50.23,-0.18
110,168.7,1.37,50.13,-0.18
107,168.82,1.38,50.03,-0.19
127,168.94,1.38,49.93,-0.18
89,169.06,1.38,49.84,-0.18
115,169.18,1.38,49.74,-0.18
95,169.3,1.38,49.65,-0.18
119,169.42,1.38,49.55,-0.18
119,169.54,1.38,49.45,-0.19
90,169.66,1.38,49.36,-0.18
94,169.78,1.38,49.26,-0.18
111,169.9,1.38,49.16,-0.19
102,170.01,1.39,49.07,-0.19
106,170.13,1.39,48.97,-0.19
112,170.25,1.39,48.87,-0.19
120,170.37,1.39,48.77,-0.19
84,170.49,1.39,48.68,-0.18
93,170.6,1.39,48.58,-0.18
133,170.72,1.39,48.49,-0.19
85,170.84,1.39,48.39,-0.19
112,170.95,1.39,48.29,-0.19
90,171.07,1.39,48.2,-0.19
123,171.18,1.4,48.1,-0.19
104,171.3,1.4,48,-0.19
101,171.41,1.4,47.91,-0.19
113,171.53,1.4,47.81,-0.19
115,171.65,1.4,47.71,-0.19
88,171.76,1.4,47.62,-0.19
96,171.87,1.4,47.52,-0.19
90,171.99,1.4,47.43,-0.19
91,172.1,1.4,47.33,-0.19
109,172.21,1.4,47.23,-0.19
90,172.32,1.41,47.14,-0.19
115,172.44,1.41,47.04,-0.19
107,172.55,1.41,46.94,-0.19
102,172.67,1.41,46.84,-0.19
122,172.78,1.41,46.75,-0.19
84,172.89,1.41,46.65,-0.19
88,173,1.41,46.56,-0.19
126,173.11,1.41,46.46,-0.19
122,173.23,1.41,46.36,-0.2
90,173.34,1.41,46.27,-0.19
95,173.45,1.42,46.17,-0.19
99,173.56,1.42,46.07,-0.19
92,173.67,1.42,45.98,-0.19
122,173.78,1.42,45.88,-0.2
88,173.89,1.42,45.79,-0.19
93,174,1.42,45.69,-0.19
111,174.11,1.42,45.59,-0.2
91,174.21,1.42,45.5,-0.19
122,174.32,1.42,45.4,-0.2
96,174.43,1.42,45.31,-0.19
79,174.54,1.43,45.21,-0.19
99,174.65,1.43,45.11,-0.19
108,174.76,1.43,45.02,-0.2
106,174.87,1.43,44.92,-0.2
97,174.97,1.43,44.83,-0.2
113,175.08,1.43,44.73,-0.2
99,175.19,1.43,44.63,-0.2
85,175.29,1.43,44.54,-0.2
104,175.4,1.43,44.44,-0.2
97,175.51,1.43,44.35,-0.19
107,175.61,1.44,44.25,-0.2
95,175.72,1.44,44.15,-0.2
74,175.82,1.44,44.06,-0.2
107,175.93,1.44,43.96,-0.2
123,176.03,1.44,43.86,-0.2
109,176.14,1.44,43.77,-0.2
90,176.24,1.44,43.67,-0.2
108,176.35,1.44,43.57,-0.2
101,176.45,1.44,43.48,-0.2
99,176.56,1.44,43.38,-0.2
127,176.66,1.45,43.28,-0.2
84,176.77,1.45,43.19,-0.2
116,176.87,1.45,43.09,-0.2
104,176.97,1.45,43,-0.2
112,177.08,1.45,42.9,-0.2
96,177.18,1.45,42.8,-0.2
69,177.28,1.45,42.71,-0.2
112,177.38,1.45,42.61,-0.2
84,177.48,1.45,42.52,-0.2
103,177.59,1.45,42.42,-0.2
117,177.69,1.46,42.32,-0.21
97,177.79,1.46,42.23,-0.2
99,177.89,1.46,42.13,-0.2
86,177.99,1.46,42.03,-0.2
101,178.09,1.46,41.94,-0.21
72,178.19,1.46,41.84,-0.2
104,178.29,1.46,41.74,-0.21
76,178.39,1.46,41.65,-0.2
124,178.49,1.46,41.55,-0.21
86,178.59,1.46,41.46,-0.2
109,178.69,1.47,41.36,-0.21
81,178.79,1.47,41.26,-0.21
56,178.89,1.47,41.17,-0.21
106,178.99,1.47,41.07,-0.21
93,179.08,1.47,40.97,-0.21
95,179.18,1.47,40.88,-0.21
86,179.28,1.47,40.78,-0.21
101,179.38,1.47,40.69,-0.21
54,179.47,1.47,40.59,-0.21
108,179.57,1.47,40.49,-0.21
85,179.67,1.48,40.4,-0.21
68,179.76,1.48,40.3,-0.21
93,179.86,1.48,40.21,-0.21
60,179.96,1.48,40.11,-0.21
83,180.05,1.48,40.02,-0.21
76,180.15,1.48,39.92,-0.21
79,180.24,1.48,39.82,-0.21
70,180.34,1.48,39.73,-0.21
81,180.43,1.48,39.63,-0.21
71,180.53,1.48,39.54,-0.21
63,180.62,1.49,39.44,-0.21
85,180.71,1.49,39.35,-0.21
96,180.81,1.49,39.25,-0.21
97,180.9,1.49,39.15,-0.21
89,180.99,1.49,39.06,-0.21
83,181.09,1.49,38.96,-0.21
75,181.18,1.49,38.87,-0.21
70,181.27,1.49,38.77,-0.21
81,181.36,1.49,38.68,-0.21
74,181.45,1.49,38.58,-0.21
87,181.55,1.5,38.49,-0.21
91,181.64,1.5,38.39,-0.21
89,181.73,1.5,38.3,-0.21
73,181.82,1.5,38.2,-0.21
78,181.91,1.5,38.1,-0.22
66,182,1.5,38.01,-0.21
69,182.09,1.5,37.91,-0.22
66,182.18,1.5,37.82,-0.22
93,182.27,1.5,37.72,-0.22
51,182.36,1.5,37.63,-0.22
65,182.45,1.51,37.53,-0.22
51,182.54,1.51,37.43,-0.22
79,182.63,1.51,37.34,-0.22
64,182.72,1.51,37.24,-0.22
59,182.81,1.51,37.15,-0.22
47,182.89,1.51,37.05,-0.22
65,182.98,1.51,36.96,-0.22
51,183.07,1.51,36.86,-0.22
62,183.16,1.51,36.77,-0.22
90,183.24,1.51,36.67,-0.22
82,183.33,1.52,36.58,-0.22
92,183.42,1.52,36.48,-0.22
57,183.51,1.52,36.38,-0.22
72,183.59,1.52,36.29,-0.22
37,183.68,1.52,36.19,-0.22
46,183.76,1.52,36.1,-0.22
77,183.85,1.52,36,-0.22
58,183.94,1.52,35.91,-0.22
74,184.02,1.52,35.81,-0.22
62,184.11,1.52,35.71,-0.22
57,184.19,1.53,35.62,-0.22
61,184.28,1.53,35.52,-0.22
76,184.36,1.53,35.43,-0.22
71,184.44,1.53,35.33,-0.22
73,184.53,1.53,35.24,-0.22
61,184.61,1.53,35.14,-0.22
46,184.7,1.53,35.04,-0.22
69,184.78,1.53,34.95,-0.22
61,184.86,1.53,34.85,-0.22
68,184.94,1.53,34.76,-0.23
67,185.03,1.54,34.66,-0.23
66,185.11,1.54,34.57,-0.23
54,185.19,1.54,34.47,-0.23
37,185.27,1.54,34.38,-0.23
72,185.36,1.54,34.28,-0.23
59,185.44,1.54,34.18,-0.23
50,185.52,1.54,34.09,-0.23
47,185.6,1.54,33.99,-0.22
39,185.68,1.54,33.9,-0.23
60,185.76,1.54,33.8,-0.23
63,185.84,1.55,33.71,-0.23
76,185.92,1.55,33.61,-0.23
51,186,1.55,33.52,-0.23
37,186.08,1.55,33.42,-0.23
45,186.16,1.55,33.32,-0.23
52,186.24,1.55,33.23,-0.23
36,186.32,1.55,33.13,-0.23
54,186.4,1.55,33.04,-0.23
38,186.48,1.55,32.94,-0.23
52,186.55,1.55,32.85,-0.23
43,186.63,1.56,32.75,-0.23
52,186.71,1.56,32.66,-0.23
34,186.79,1.56,32.56,-0.23
66,186.86,1.56,32.46,-0.23
23,186.94,1.56,32.37,-0.23
53,187.02,1.56,32.27,-0.23
3,187.09,1.56,32.18,-0.23
18,187.17,1.56,32.08,-0.23
7,187.25,1.56,31.99,-0.23
24,187.32,1.56,31.89,-0.23
31,187.4,1.57,31.8,-0.23
0,187.47,1.57,31.71,-0.23
23,187.55,1.57,31.61,-0.23
16,187.62,1.57,31.51,-0.24
19,187.7,1.57,31.42,-0.24
14,187.77,1.57,31.32,-0.24
61,187.85,1.57,31.23,-0.24
1,187.92,1.57,31.13,-0.23
47,187.99,1.57,31.04,-0.24
0,188.07,1.57,30.94,-0.23
58,188.14,1.58,30.85,-0.24
0,188.21,1.58,30.75,-0.23
0,188.28,1.58,30.66,-0.23
1,188.36,1.58,30.57,-0.23
4,188.43,1.58,30.47,-0.24
0,188.5,1.58,30.38,-0.24
0,188.57,1.58,30.28,-0.23
50,188.64,1.58,30.19,-0.24
0,188.71,1.58,30.09,-0.24
44,188.78,1.58,30,-0.24
0,188.85,1.59,29.9,-0.24
36,188.92,1.59,29.81,-0.24
0,188.99,1.59,29.72,-0.23
35,189.06,1.59,29.62,-0.24
32,189.13,1.59,29.52,-0.24
0,189.2,1.59,29.43,-0.24
26,189.27,1.59,29.34,-0.24
0,189.34,1.59,29.24,-0.24
74,189.41,1.59,29.15,-0.24
0,189.48,1.59,29.05,-0.24
69,189.55,1.6,28.96,-0.24
2,189.62,1.6,28.86,-0.24
0,189.68,1.6,28.77,-0.24
0,189.75,1.6,28.67,-0.24
0,189.82,1.6,28.58,-0.24
70,189.88,1.6,28.49,-0.24
0,189.95,1.6,28.39,-0.24
0,190.02,1.6,28.3,-0.24
0,190.08,1.6,28.2,-0.24
0,190.15,1.6,28.11,-0.24
80,190.22,1.61,28.01,-0.25
0,190.28,1.61,27.92,-0.24
70,190.35,1.61,27.82,-0.25
0,190.41,1.61,27.73,-0.24
25,190.48,1.61,27.64,-0.24
54,190.54,1.61,27.54,-0.25
0,190.61,1.61,27.45,-0.25
24,190.67,1.61,27.35,-0.25
0,190.74,1.61,27.25,-0.25
52,190.8,1.61,27.16,-0.25
2,190.87,1.62,27.06,-0.25
0,190.93,1.62,26.97,-0.24
0,190.99,1.62,26.88,-0.25
0,191.06,1.62,26.78,-0.24
36,191.12,1.62,26.69,-0.25
0,191.18,1.62,26.59,-0.25
0,191.24,1.62,26.5,-0.25
10,191.31,1.62,26.4,-0.25
0,191.37,1.62,26.31,-0.25
0,191.43,1.62,26.22,-0.25
0,191.49,1.63,26.12,-0.25
0,191.55,1.63,26.03,-0.25
0,191.61,1.63,25.93,-0.25
0,191.67,1.63,25.84,-0.25
0,191.73,1.63,25.75,-0.25
0,191.79,1.63,25.65,-0.25
0,191.85,1.63,25.56,-0.25
5,191.91,1.63,25.46,-0.25
0,191.97,1.63,25.37,-0.25
0,192.03,1.63,25.28,-0.25
0,192.09,1.64,25.18,-0.25
0,192.15,1.64,25.09,-0.25
0,192.21,1.64,24.99,-0.25
0,192.27,1.64,24.9,-0.25
0,192.33,1.64,24.81,-0.25
0,192.38,1.64,24.71,-0.25
0,192.44,1.64,24.62,-0.25
0,192.5,1.64,24.52,-0.25
0,192.56,1.64,24.43,-0.26
0,192.61,1.64,24.34,-0.26
0,192.67,1.65,24.24,-0.26
0,192.73,1.65,24.15,-0.25
0,192.78,1.65,24.05,-0.26
0,192.84,1.65,23.96,-0.26
0,192.9,1.65,23.87,-0.25
0,192.95,1.65,23.77,-0.26
0,193.01,1.65,23.68,-0.25
0,193.06,1.65,23.58,-0.26
0,193.12,1.65,23.49,-0.26
0,193.17,1.65,23.4,-0.26
0,193.23,1.66,23.3,-0.26
0,193.28,1.66,23.21,-0.26
0,193.34,1.66,23.11,-0.26
0,193.39,1.66,23.02,-0.26
0,193.44,1.66,22.93,-0.26
0,193.5,1.66,22.83,-0.26
0,193.55,1.66,22.74,-0.26
0,193.6,1.66,22.64,-0.26
0,193.66,1.66,22.55,-0.26
0,193.71,1.66,22.46,-0.26
0,193.76,1.67,22.36,-0.26
0,193.81,1.67,22.27,-0.26
0,193.87,1.67,22.17,-0.26
0,193.92,1.67,22.08,-0.26
0,193.97,1.67,21.99,-0.26
0,194.02,1.67,21.89,-0.26
0,194.07,1.67,21.8,-0.26
0,194.12,1.67,21.7,-0.26
0,194.17,1.67,21.61,-0.26
0,194.22,1.67,21.52,-0.26
0,194.27,1.68,21.42,-0.26
0,194.33,1.68,21.33,-0.27
0,194.38,1.68,21.23,-0.27
0,194.42,1.68,21.14,-0.26
0,194.47,1.68,21.04,-0.27
0,194.52,1.68,20.95,-0.26
0,194.57,1.68,20.86,-0.27
0,194.62,1.68,20.76,-0.27
0,194.67,1.68,20.67,-0.26
0,194.72,1.68,20.58,-0.27
0,194.77,1.69,20.48,-0.27
0,194.81,1.69,20.39,-0.27
0,194.86,1.69,20.29,-0.27
0,194.91,1.69,20.2,-0.27
0,194.96,1.69,20.11,-0.27
0,195,1.69,20.01,-0.27
0,195.05,1.69,19.92,-0.27
0,195.1,1.69,19.82,-0.27
0,195.14,1.69,19.73,-0.27
0,195.19,1.69,19.64,-0.27
0,195.23,1.7,19.54,-0.27
0,195.28,1.7,19.45,-0.27
0,195.33,1.7,19.35,-0.27
0,195.37,1.7,19.26,-0.27
0,195.42,1.7,19.17,-0.27
0,195.46,1.7,19.07,-0.27
0,195.51,1.7,18.98,-0.27
0,195.55,1.7,18.88,-0.27
0,195.59,1.7,18.79,-0.27
0,195.64,1.7,18.7,-0.27
0,195.68,1.71,18.6,-0.27
0,195.72,1.71,18.51,-0.27
0,195.77,1.71,18.41,-0.27
0,195.81,1.71,18.32,-0.28
0,195.85,1.71,18.23,-0.27
0,195.9,1.71,18.13,-0.28
0,195.94,1.71,18.04,-0.28
0,195.98,1.71,17.94,-0.27
0,196.02,1.71,17.85,-0.28
0,196.06,1.71,17.76,-0.27
0,196.11,1.72,17.66,-0.28
0,196.15,1.72,17.57,-0.28
0,196.19,1.72,17.47,-0.28
0,196.23,1.72,17.38,-0.27
0,196.27,1.72,17.29,-0.28
0,196.31,1.72,17.19,-0.28
0,196.35,1.72,17.1,-0.28
0,196.39,1.72,17,-0.28
0,196.43,1.72,16.91,-0.28
0,196.47,1.72,16.82,-0.28
0,196.51,1.73,16.72,-0.28
0,196.55,1.73,16.63,-0.28
0,196.59,1.73,16.53,-0.28
0,196.63,1.73,16.44,-0.28
0,196.66,1.73,16.35,-0.28
0,196.7,1.73,16.25,-0.28
0,196.74,1.73,16.16,-0.28
0,196.78,1.73,16.06,-0.28
0,196.81,1.73,15.97,-0.28
0,196.85,1.73,15.88,-0.28
0,196.89,1.74,15.78,-0.28
0,196.93,1.74,15.69,-0.28
0,196.96,1.74,15.59,-0.28
0,197,1.74,15.5,-0.29
0,197.04,1.74,15.41,-0.28
0,197.07,1.74,15.31,-0.29
0,197.11,1.74,15.22,-0.29
0,197.14,1.74,15.12,-0.28
0,197.18,1.74,15.03,-0.29
0,197.21,1.74,14.94,-0.29
0,197.25,1.75,14.84,-0.28
0,197.28,1.75,14.75,-0.29
0,197.32,1.75,14.65,-0.29
0,197.35,1.75,14.56,-0.29
0,197.39,1.75,14.47,-0.29
0,197.42,1.75,14.37,-0.29
0,197.45,1.75,14.28,-0.29
0,197.49,1.75,14.18,-0.29
0,197.52,1.75,14.09,-0.29
0,197.55,1.75,14,-0.29
0,197.58,1.76,13.9,-0.29
0,197.62,1.76,13.81,-0.29
0,197.65,1.76,13.71,-0.29
0,197.68,1.76,13.62,-0.29
0,197.71,1.76,13.52,-0.29
0,197.75,1.76,13.43,-0.29
0,197.78,1.76,13.34,-0.29
0,197.81,1.76,13.24,-0.29
0,197.84,1.76,13.15,-0.29
0,197.87,1.76,13.06,-0.29
0,197.9,1.77,12.96,-0.29
0,197.93,1.77,12.87,-0.29
0,197.96,1.77,12.77,-0.3
0,197.99,1.77,12.68,-0.29
0,198.02,1.77,12.59,-0.3
0,198.05,1.77,12.49,-0.3
0,198.08,1.77,12.4,-0.29
0,198.11,1.77,12.31,-0.29
0,198.14,1.77,12.21,-0.3
0,198.16,1.77,12.12,-0.3
0,198.19,1.78,12.02,-0.3
0,198.22,1.78,11.93,-0.29
0,198.25,1.78,11.83,-0.3
0,198.28,1.78,11.74,-0.29
0,198.3,1.78,11.65,-0.29
0,198.33,1.78,11.55,-0.3
0,198.36,1.78,11.46,-0.3
0,198.38,1.78,11.37,-0.3
0,198.41,1.78,11.27,-0.3
0,198.44,1.78,11.18,-0.3
0,198.46,1.79,11.08,-0.3
0,198.49,1.79,10.99,-0.3
0,198.51,1.79,10.9,-0.3
0,198.54,1.79,10.8,-0.3
0,198.57,1.79,10.71,-0.3
0,198.59,1.79,10.61,-0.3
0,198.61,1.79,10.52,-0.3
0,198.64,1.79,10.43,-0.3
0,198.66,1.79,10.33,-0.3
0,198.69,1.79,10.24,-0.3
0,198.71,1.8,10.14,-0.3
0,198.74,1.8,10.05,-0.3
0,198.76,1.8,9.96,-0.3
0,198.78,1.8,9.87,-0.3
0,198.8,1.8,9.77,-0.3
0,198.83,1.8,9.68,-0.3
0,198.85,1.8,9.59,-0.3
0,198.87,1.8,9.5,-0.3
0,198.89,1.8,9.4,-0.3
0,198.91,1.8,9.31,-0.3
0,198.93,1.81,9.22,-0.3
0,198.96,1.81,9.13,-0.3
0,198.98,1.81,9.04,-0.3
0,199,1.81,8.94,-0.3
0,199.02,1.81,8.85,-0.3
0,199.04,1.81,8.76,-0.3
0,199.06,1.81,8.67,-0.3
0,199.08,1.81,8.58,-0.3
0,199.1,1.81,8.48,-0.3
0,199.12,1.81,8.39,-0.31
0,199.14,1.82,8.3,-0.3
0,199.16,1.82,8.21,-0.3
0,199.17,1.82,8.11,-0.3
0,199.19,1.82,8.02,-0.31
0,199.21,1.82,7.93,-0.3
0,199.23,1.82,7.84,-0.3
0,199.25,1.82,7.75,-0.31
0,199.27,1.82,7.65,-0.31
0,199.28,1.82,7.56,-0.31
0,199.3,1.82,7.47,-0.31
0,199.32,1.83,7.37,-0.31
0,199.33,1.83,7.28,-0.31
0,199.35,1.83,7.19,-0.31
0,199.37,1.83,7.1,-0.31
0,199.38,1.83,7,-0.31
0,199.4,1.83,6.91,-0.31
0,199.42,1.83,6.82,-0.31
0,199.43,1.83,6.73,-0.3
0,199.45,1.83,6.64,-0.31
0,199.46,1.83,6.54,-0.31
0,199.48,1.84,6.45,-0.31
0,199.49,1.84,6.36,-0.31
0,199.51,1.84,6.27,-0.31
0,199.52,1.84,6.17,-0.32
0,199.53,1.84,6.08,-0.31
0,199.55,1.84,5.99,-0.31
0,199.56,1.84,5.9,-0.31
0,199.58,1.84,5.8,-0.32
0,199.59,1.84,5.71,-0.31
0,199.6,1.84,5.62,-0.31
0,199.62,1.85,5.53,-0.32
0,199.63,1.85,5.44,-0.31
0,199.64,1.85,5.34,-0.31
0,199.65,1.85,5.25,-0.32
0,199.66,1.85,5.16,-0.31
0,199.68,1.85,5.06,-0.32
0,199.69,1.85,4.97,-0.32
0,199.7,1.85,4.88,-0.32
0,199.71,1.85,4.79,-0.32
0,199.72,1.85,4.7,-0.32
0,199.73,1.86,4.6,-0.32
0,199.74,1.86,4.51,-0.32
0,199.75,1.86,4.42,-0.32
0,199.76,1.86,4.33,-0.32
0,199.77,1.86,4.24,-0.32
0,199.78,1.86,4.14,-0.32
0,199.79,1.86,4.05,-0.32
0,199.8,1.86,3.96,-0.32
0,199.81,1.86,3.87,-0.32
0,199.82,1.86,3.77,-0.32
0,199.83,1.87,3.68,-0.32
0,199.84,1.87,3.59,-0.32
0,199.84,1.87,3.5,-0.32
0,199.85,1.87,3.4,-0.32
0,199.86,1.87,3.31,-0.32
0,199.87,1.87,3.22,-0.33
0,199.88,1.87,3.13,-0.32
0,199.88,1.87,3.04,-0.32
0,199.89,1.87,2.94,-0.33
0,199.9,1.87,2.85,-0.32
0,199.9,1.88,2.76,-0.32
0,199.91,1.88,2.67,-0.32
0,199.92,1.88,2.57,-0.33
0,199.92,1.88,2.48,-0.32
0,199.93,1.88,2.39,-0.32
0,199.93,1.88,2.3,-0.32
0,199.94,1.88,2.21,-0.33
0,199.94,1.88,2.11,-0.33
0,199.95,1.88,2.02,-0.33
0,199.95,1.88,1.93,-0.33
0,199.96,1.89,1.84,-0.33
0,199.96,1.89,1.74,-0.32
0,199.96,1.89,1.65,-0.33
0,199.97,1.89,1.56,-0.33
0,199.97,1.89,1.47,-0.33
0,199.98,1.89,1.38,-0.33
0,199.98,1.89,1.28,-0.33
0,199.98,1.89,1.19,-0.33
0,199.98,1.89,1.1,-0.33
0,199.99,1.89,1.01,-0.33
0,199.99,1.9,0.92,-0.33
0,199.99,1.9,0.82,-0.33
0,199.99,1.9,0.73,-0.33
0,199.99,1.9,0.64,-0.33
0,200,1.9,0.55,-0.32
0,200,1.9,0.46,-0.33
0,200,1.9,0.37,-0.33
0,200,1.9,0.28,-0.33
0,200,1.9,0.19,-0.32
0,200,1.9,0.1,-0.32
0,200,1.91,0.01,-0.33
0,200,1.91,0,-0.02
0,200,1.91,0,0
0,200,1.91,0,0
0,200,1.91,0,-0.01
0,200,1.91,0,0
0,200,1.91,0,0
0,200,1.91,-0.01,-0.04
0,200,1.91,-0.1,-0.33
0,200,1.91,-0.2,-0.34
0,200,1.92,-0.29,-0.34
0,200,1.92,-0.38,-0.34
0,200,1.92,-0.47,-0.34
0,200,1.92,-0.56,-0.34
0,200,1.92,-0.66,-0.34
0,199.99,1.92,-0.75,-0.34
0,199.99,1.92,-0.84,-0.34
0,199.99,1.92,-0.93,-0.34
0,199.99,1.92,-1.03,-0.34
0,199.99,1.92,-1.12,-0.34
0,199.98,1.93,-1.21,-0.35
0,199.98,1.93,-1.3,-0.34
0,199.98,1.93,-1.4,-0.35
0,199.97,1.93,-1.49,-0.34
0,199.97,1.93,-1.58,-0.35
0,199.97,1.93,-1.67,-0.34
0,199.96,1.93,-1.77,-0.34
0,199.96,1.93,-1.86,-0.35
0,199.95,1.93,-1.95,-0.34
0,199.95,1.93,-2.04,-0.35
0,199.94,1.94,-2.14,-0.34
0,199.94,1.94,-2.23,-0.35
0,199.93,1.94,-2.32,-0.35
0,199.93,1.94,-2.41,-0.35
0,199.92,1.94,-2.51,-0.35
0,199.92,1.94,-2.6,-0.35
0,199.91,1.94,-2.69,-0.35
0,199.91,1.94,-2.79,-0.35
0,199.9,1.94,-2.88,-0.35
0,199.89,1.94,-2.97,-0.35
0,199.89,1.95,-3.06,-0.35
0,199.88,1.95,-3.16,-0.35
0,199.87,1.95,-3.25,-0.35
0,199.86,1.95,-3.34,-0.35
0,199.86,1.95,-3.43,-0.35
0,199.85,1.95,-3.52,-0.35
0,199.84,1.95,-3.62,-0.36
0,199.83,1.95,-3.71,-0.35
0,199.82,1.95,-3.8,-0.36
0,199.81,1.95,-3.9,-0.35
0,199.8,1.96,-3.99,-0.36
0,199.8,1.96,-4.08,-0.35
0,199.79,1.96,-4.17,-0.35
0,199.78,1.96,-4.27,-0.36
0,199.77,1.96,-4.36,-0.35
0,199.76,1.96,-4.45,-0.36
0,199.75,1.96,-4.54,-0.35
0,199.74,1.96,-4.64,-0.36
0,199.73,1.96,-4.73,-0.35
0,199.71,1.96,-4.82,-0.36
0,199.7,1.97,-4.91,-0.36
0,199.69,1.97,-5.01,-0.36
0,199.68,1.97,-5.1,-0.36
0,199.67,1.97,-5.19,-0.36
0,199.66,1.97,-5.28,-0.36
0,199.64,1.97,-5.38,-0.36
0,199.63,1.97,-5.47,-0.36
0,199.62,1.97,-5.56,-0.36
0,199.61,1.97,-5.65,-0.36
0,199.59,1.97,-5.75,-0.36
0,199.58,1.98,-5.84,-0.36
0,199.57,1.98,-5.93,-0.36
0,199.55,1.98,-6.02,-0.36
0,199.54,1.98,-6.12,-0.36
0,199.52,1.98,-6.21,-0.36
0,199.51,1.98,-6.3,-0.37
0,199.5,1.98,-6.39,-0.36
0,199.48,1.98,-6.49,-0.36
0,199.47,1.98,-6.58,-0.37
0,199.45,1.98,-6.67,-0.36
0,199.44,1.99,-6.76,-0.37
0,199.42,1.99,-6.86,-0.36
0,199.4,1.99,-6.95,-0.37
0,199.39,1.99,-7.04,-0.36
0,199.37,1.99,-7.14,-0.37
0,199.36,1.99,-7.23,-0.36
0,199.34,1.99,-7.32,-0.37
0,199.32,1.99,-7.41,-0.37
0,199.3,1.99,-7.51,-0.37
0,199.29,1.99,-7.6,-0.37
0,199.27,2,-7.69,-0.37
0,199.25,2,-7.78,-0.37
0,199.23,2,-7.88,-0.37
0,199.22,2,-7.97,-0.37
0,199.2,2,-8.06,-0.37
0,199.18,2,-8.15,-0.37
0,199.16,2,-8.24,-0.37
0,199.14,2,-8.34,-0.37
0,199.12,2,-8.43,-0.37
0,199.1,2,-8.52,-0.37
0,199.08,2.01,-8.61,-0.37
0,199.06,2.01,-8.71,-0.38
0,199.04,2.01,-8.8,-0.38
0,199.02,2.01,-8.89,-0.37
0,199,2.01,-8.98,-0.37
0,198.98,2.01,-9.08,-0.37
0,198.96,2.01,-9.17,-0.38
0,198.94,2.01,-9.26,-0.37
0,198.92,2.01,-9.35,-0.37
0,198.9,2.01,-9.45,-0.38
0,198.87,2.02,-9.54,-0.37
0,198.85,2.02,-9.63,-0.38
0,198.83,2.02,-9.72,-0.37
0,198.81,2.02,-9.82,-0.38
0,198.79,2.02,-9.91,-0.37
0,198.76,2.02,-10,-0.38
0,198.74,2.02,-10.1,-0.38
0,198.72,2.02,-10.19,-0.38
0,198.69,2.02,-10.28,-0.39
0,198.67,2.02,-10.38,-0.39
0,198.64,2.03,-10.47,-0.39
0,198.62,2.03,-10.57,-0.38
0,198.59,2.03,-10.66,-0.39
0,198.57,2.03,-10.75,-0.39
0,198.54,2.03,-10.85,-0.38
0,198.52,2.03,-10.94,-0.39
0,198.49,2.03,-11.04,-0.39
0,198.47,2.03,-11.13,-0.39
0,198.44,2.03,-11.22,-0.38
0,198.41,2.03,-11.32,-0.39
0,198.39,2.04,-11.41,-0.39
0,198.36,2.04,-11.51,-0.39
0,198.33,2.04,-11.6,-0.39
0,198.31,2.04,-11.7,-0.39
0,198.28,2.04,-11.79,-0.39
0,198.25,2.04,-11.88,-0.39
0,198.22,2.04,-11.98,-0.39
0,198.2,2.04,-12.07,-0.39
0,198.17,2.04,-12.17,-0.39
0,198.14,2.04,-12.26,-0.39
0,198.11,2.05,-12.35,-0.4
0,198.08,2.05,-12.45,-0.39
0,198.05,2.05,-12.54,-0.39
0,198.02,2.05,-12.64,-0.4
0,197.99,2.05,-12.73,-0.4
0,197.96,2.05,-12.82,-0.39
0,197.93,2.05,-12.92,-0.4
0,197.9,2.05,-13.01,-0.39
0,197.87,2.05,-13.11,-0.4
0,197.84,2.05,-13.2,-0.39
0,197.81,2.06,-13.29,-0.4
0,197.78,2.06,-13.39,-0.4
0,197.75,2.06,-13.48,-0.4
0,197.72,2.06,-13.58,-0.39
0,197.69,2.06,-13.67,-0.4
0,197.65,2.06,-13.76,-0.4
0,197.62,2.06,-13.86,-0.4
0,197.59,2.06,-13.95,-0.4
0,197.56,2.06,-14.05,-0.4
0,197.52,2.06,-14.14,-0.4
0,197.49,2.07,-14.23,-0.4
0,197.46,2.07,-14.33,-0.4
0,197.42,2.07,-14.42,-0.4
0,197.39,2.07,-14.52,-0.4
0,197.36,2.07,-14.61,-0.4
0,197.32,2.07,-14.7,-0.4
0,197.29,2.07,-14.8,-0.4
0,197.25,2.07,-14.89,-0.41
0,197.22,2.07,-14.99,-0.41
0,197.18,2.07,-15.08,-0.4
0,197.15,2.08,-15.17,-0.41
0,197.11,2.08,-15.27,-0.41
0,197.08,2.08,-15.36,-0.4
0,197.04,2.08,-15.46,-0.41
0,197,2.08,-15.55,-0.4
0,196.97,2.08,-15.64,-0.41
0,196.93,2.08,-15.74,-0.4
0,196.89,2.08,-15.83,-0.41
0,196.86,2.08,-15.93,-0.41
0,196.82,2.08,-16.02,-0.4
0,196.78,2.09,-16.11,-0.41
0,196.74,2.09,-16.21,-0.41
0,196.71,2.09,-16.3,-0.41
0,196.67,2.09,-16.4,-0.41
0,196.63,2.09,-16.49,-0.41
0,196.59,2.09,-16.58,-0.41
0,196.55,2.09,-16.68,-0.41
0,196.51,2.09,-16.77,-0.41
0,196.47,2.09,-16.87,-0.41
0,196.43,2.09,-16.96,-0.41
0,196.39,2.1,-17.06,-0.41
0,196.35,2.1,-17.15,-0.42
0,196.31,2.1,-17.24,-0.41
0,196.27,2.1,-17.34,-0.42
0,196.23,2.1,-17.43,-0.41
0,196.19,2.1,-17.53,-0.42
0,196.15,2.1,-17.62,-0.42
0,196.11,2.1,-17.72,-0.42
0,196.07,2.1,-17.81,-0.41
0,196.03,2.1,-17.9,-0.42
0,195.98,2.11,-18,-0.42
0,195.94,2.11,-18.09,-0.42
0,195.9,2.11,-18.19,-0.41
0,195.86,2.11,-18.28,-0.42
0,195.81,2.11,-18.37,-0.42
0,195.77,2.11,-18.47,-0.42
0,195.73,2.11,-18.56,-0.42
0,195.68,2.11,-18.66,-0.42
0,195.64,2.11,-18.75,-0.42
0,195.6,2.11,-18.85,-0.42
0,195.55,2.12,-18.94,-0.42
0,195.51,2.12,-19.03,-0.42
0,195.46,2.12,-19.13,-0.42
0,195.42,2.12,-19.22,-0.42
0,195.37,2.12,-19.32,-0.42
0,195.33,2.12,-19.41,-0.42
0,195.28,2.12,-19.51,-0.42
0,195.24,2.12,-19.6,-0.43
8,195.19,2.12,-19.69,-0.42
0,195.14,2.12,-19.79,-0.43
0,195.1,2.13,-19.88,-0.43
0,195.05,2.13,-19.98,-0.43
15,195,2.13,-20.07,-0.43
0,194.96,2.13,-20.17,-0.43
0,194.91,2.13,-20.26,-0.43
14,194.86,2.13,-20.36,-0.43
0,194.81,2.13,-20.45,-0.43
0,194.76,2.13,-20.55,-0.43
38,194.71,2.13,-20.64,-0.44
0,194.67,2.13,-20.74,-0.43
2,194.62,2.14,-20.83,-0.43
0,194.57,2.14,-20.93,-0.43
0,194.52,2.14,-21.02,-0.43
3,194.47,2.14,-21.11,-0.43
15,194.42,2.14,-21.21,-0.44
45,194.37,2.14,-21.31,-0.44
0,194.32,2.14,-21.4,-0.43
12,194.27,2.14,-21.5,-0.44
56,194.22,2.14,-21.59,-0.44
1,194.17,2.14,-21.69,-0.43
32,194.11,2.15,-21.78,-0.45
63,194.06,2.15,-21.88,-0.44
7,194.01,2.15,-21.97,-0.43
12,193.96,2.15,-22.07,-0.45
60,193.91,2.15,-22.16,-0.44
2,193.85,2.15,-22.26,-0.43
22,193.8,2.15,-22.35,-0.44
64,193.75,2.15,-22.45,-0.44
8,193.7,2.15,-22.54,-0.44
27,193.64,2.15,-22.64,-0.44
72,193.59,2.16,-22.74,-0.45
21,193.53,2.16,-22.83,-0.44
33,193.48,2.16,-22.93,-0.45
73,193.42,2.16,-23.02,-0.45
15,193.37,2.16,-23.12,-0.45
40,193.31,2.16,-23.21,-0.45
82,193.26,2.16,-23.31,-0.45
10,193.2,2.16,-23.41,-0.45
52,193.15,2.16,-23.5,-0.45
81,193.09,2.16,-23.6,-0.44
6,193.04,2.17,-23.69,-0.44
57,192.98,2.17,-23.79,-0.45
91,192.92,2.17,-23.88,-0.45
34,192.87,2.17,-23.98,-0.45
63,192.81,2.17,-24.07,-0.45
87,192.75,2.17,-24.17,-0.45
49,192.69,2.17,-24.27,-0.45
52,192.64,2.17,-24.36,-0.46
21,192.58,2.17,-24.46,-0.45
48,192.52,2.17,-24.55,-0.45
97,192.46,2.18,-24.65,-0.45
47,192.4,2.18,-24.74,-0.45
67,192.34,2.18,-24.84,-0.45
102,192.28,2.18,-24.94,-0.46
56,192.22,2.18,-25.03,-0.45
59,192.16,2.18,-25.13,-0.45
56,192.1,2.18,-25.22,-0.46
40,192.04,2.18,-25.32,-0.46
100,191.98,2.18,-25.42,-0.47
43,191.92,2.18,-25.52,-0.46
71,191.86,2.19,-25.61,-0.46
116,191.8,2.19,-25.71,-0.46
57,191.74,2.19,-25.8,-0.46
78,191.67,2.19,-25.9,-0.46
59,191.61,2.19,-26,-0.46
65,191.55,2.19,-26.09,-0.45
126,191.49,2.19,-26.19,-0.47
62,191.43,2.19,-26.28,-0.46
88,191.36,2.19,-26.38,-0.46
87,191.3,2.19,-26.48,-0.46
76,191.24,2.2,-26.57,-0.46
136,191.17,2.2,-26.67,-0.47
74,191.11,2.2,-26.77,-0.46
96,191.04,2.2,-26.86,-0.46
69,190.98,2.2,-26.96,-0.46
70,190.92,2.2,-27.05,-0.46
148,190.85,2.2,-27.15,-0.47
82,190.79,2.2,-27.25,-0.47
94,190.72,2.2,-27.34,-0.46
85,190.66,2.2,-27.44,-0.46
106,190.59,2.21,-27.53,-0.47
131,190.52,2.21,-27.63,-0.48
97,190.46,2.21,-27.73,-0.47
102,190.39,2.21,-27.83,-0.47
97,190.32,2.21,-27.92,-0.47
111,190.25,2.21,-28.02,-0.48
151,190.19,2.21,-28.12,-0.48
92,190.12,2.21,-28.21,-0.47
149,190.05,2.21,-28.31,-0.48
108,189.98,2.21,-28.41,-0.48
112,189.91,2.22,-28.51,-0.48
104,189.84,2.22,-28.61,-0.48
114,189.77,2.22,-28.7,-0.48
157,189.7,2.22,-28.8,-0.48
92,189.63,2.22,-28.9,-0.47
166,189.56,2.22,-29,-0.48
109,189.49,2.22,-29.09,-0.48
124,189.42,2.22,-29.19,-0.48
111,189.35,2.22,-29.29,-0.48
130,189.28,2.22,-29.39,-0.49
104,189.21,2.23,-29.48,-0.49
106,189.14,2.23,-29.58,-0.49
171,189.06,2.23,-29.68,-0.49
117,188.99,2.23,-29.78,-0.49
184,188.92,2.23,-29.88,-0.48
106,188.85,2.23,-29.97,-0.49
137,188.77,2.23,-30.07,-0.49
119,188.7,2.23,-30.17,-0.49
121,188.63,2.23,-30.27,-0.48
131,188.55,2.23,-30.36,-0.49
128,188.48,2.24,-30.46,-0.49
142,188.41,2.24,-30.56,-0.49
107,188.33,2.24,-30.66,-0.49
207,188.26,2.24,-30.76,-0.49
97,188.18,2.24,-30.85,-0.48
226,188.11,2.24,-30.95,-0.49
98,188.03,2.24,-31.05,-0.48
224,187.96,2.24,-31.14,-0.49
90,187.88,2.24,-31.24,-0.49
126,187.81,2.24,-31.34,-0.49
150,187.73,2.25,-31.44,-0.49
125,187.65,2.25,-31.53,-0.49
163,187.58,2.25,-31.63,-0.5
116,187.5,2.25,-31.73,-0.49
181,187.42,2.25,-31.83,-0.5
102,187.35,2.25,-31.93,-0.5
180,187.27,2.25,-32.02,-0.5
85,187.19,2.25,-32.12,-0.49
214,187.11,2.25,-32.22,-0.5
70,187.04,2.25,-32.31,-0.49
206,186.96,2.26,-32.41,-0.5
75,186.88,2.26,-32.51,-0.49
209,186.8,2.26,-32.61,-0.5
112,186.72,2.26,-32.7,-0.49
185,186.64,2.26,-32.8,-0.5
118,186.56,2.26,-32.9,-0.49
174,186.48,2.26,-33,-0.5
134,186.4,2.26,-33.09,-0.5
158,186.32,2.26,-33.19,-0.5
170,186.24,2.26,-33.29,-0.5
150,186.16,2.27,-33.39,-0.5
173,186.08,2.27,-33.48,-0.5
136,186,2.27,-33.58,-0.5
180,185.92,2.27,-33.68,-0.5
145,185.83,2.27,-33.78,-0.51
111,185.75,2.27,-33.87,-0.51
215,185.67,2.27,-33.97,-0.51
106,185.59,2.27,-34.07,-0.5
217,185.5,2.27,-34.17,-0.51
113,185.42,2.27,-34.27,-0.51
191,185.34,2.28,-34.36,-0.51
129,185.25,2.28,-34.46,-0.5
185,185.17,2.28,-34.56,-0.51
148,185.09,2.28,-34.66,-0.51
181,185,2.28,-34.76,-0.51
128,184.92,2.28,-34.85,-0.5
206,184.83,2.28,-34.95,-0.51
149,184.75,2.28,-35.05,-0.51
210,184.66,2.28,-35.15,-0.51
134,184.58,2.28,-35.25,-0.51
213,184.49,2.29,-35.34,-0.51
150,184.4,2.29,-35.44,-0.51
231,184.32,2.29,-35.54,-0.51
144,184.23,2.29,-35.64,-0.51
182,184.14,2.29,-35.73,-0.51
138,184.06,2.29,-35.83,-0.51
203,183.97,2.29,-35.93,-0.52
133,183.88,2.29,-36.03,-0.51
193,183.79,2.29,-36.13,-0.52
154,183.71,2.29,-36.22,-0.52
186,183.62,2.3,-36.32,-0.52
200,183.53,2.3,-36.42,-0.52
188,183.44,2.3,-36.52,-0.52
213,183.35,2.3,-36.62,-0.51
187,183.26,2.3,-36.71,-0.52
192,183.17,2.3,-36.81,-0.52
170,183.08,2.3,-36.91,-0.52
200,182.99,2.3,-37.01,-0.51
166,182.9,2.3,-37.11,-0.52
177,182.81,2.3,-37.2,-0.52
209,182.72,2.31,-37.3,-0.51
200,182.63,2.31,-37.4,-0.52
231,182.54,2.31,-37.5,-0.52
170,182.45,2.31,-37.59,-0.52
199,182.36,2.31,-37.69,-0.52
171,182.26,2.31,-37.79,-0.52
196,182.17,2.31,-37.89,-0.52
227,182.08,2.31,-37.99,-0.52
207,181.99,2.31,-38.08,-0.52
219,181.9,2.31,-38.18,-0.53
184,181.8,2.32,-38.28,-0.53
212,181.71,2.32,-38.38,-0.52
203,181.62,2.32,-38.48,-0.53
213,181.52,2.32,-38.57,-0.53
213,181.43,2.32,-38.67,-0.53
214,181.33,2.32,-38.77,-0.53
201,181.24,2.32,-38.87,-0.53
205,181.14,2.32,-38.97,-0.53
208,181.05,2.32,-39.06,-0.53
212,180.95,2.32,-39.16,-0.52
200,180.86,2.33,-39.26,-0.53
211,180.76,2.33,-39.36,-0.53
211,180.67,2.33,-39.46,-0.53
211,180.57,2.33,-39.55,-0.53
234,180.47,2.33,-39.65,-0.53
218,180.38,2.33,-39.75,-0.53
204,180.28,2.33,-39.85,-0.53
186,180.18,2.33,-39.95,-0.53
215,180.09,2.33,-40.04,-0.53
224,179.99,2.33,-40.14,-0.53
232,179.89,2.34,-40.24,-0.54
218,179.79,2.34,-40.34,-0.54
211,179.69,2.34,-40.43,-0.53
221,179.6,2.34,-40.53,-0.54
219,179.5,2.34,-40.63,-0.54
185,179.4,2.34,-40.73,-0.54
230,179.3,2.34,-40.83,-0.53
198,179.2,2.34,-40.92,-0.54
240,179.1,2.34,-41.02,-0.54
210,179,2.34,-41.12,-0.53
231,178.9,2.35,-41.22,-0.54
220,178.8,2.35,-41.32,-0.54
246,178.7,2.35,-41.41,-0.54
225,178.6,2.35,-41.51,-0.54
231,178.5,2.35,-41.61,-0.54
251,178.39,2.35,-41.71,-0.54
232,178.29,2.35,-41.8,-0.54
226,178.19,2.35,-41.9,-0.54
238,178.09,2.35,-42,-0.54
235,177.99,2.35,-42.1,-0.54
258,177.89,2.36,-42.2,-0.54
220,177.78,2.36,-42.29,-0.54
232,177.68,2.36,-42.39,-0.55
229,177.58,2.36,-42.49,-0.55
232,177.47,2.36,-42.59,-0.55
226,177.37,2.36,-42.69,-0.55
248,177.26,2.36,-42.78,-0.55
240,177.16,2.36,-42.88,-0.55
229,177.06,2.36,-42.98,-0.54
208,176.95,2.36,-43.08,-0.55
250,176.85,2.37,-43.18,-0.55
238,176.74,2.37,-43.27,-0.55
205,176.64,2.37,-43.37,-0.55
243,176.53,2.37,-43.47,-0.54
239,176.42,2.37,-43.57,-0.55
205,176.32,2.37,-43.66,-0.55
235,176.21,2.37,-43.76,-0.55
238,176.1,2.37,-43.86,-0.55
210,176,2.37,-43.96,-0.55
237,175.89,2.37,-44.06,-0.55
241,175.78,2.38,-44.15,-0.55
206,175.68,2.38,-44.25,-0.55
254,175.57,2.38,-44.35,-0.55
232,175.46,2.38,-44.45,-0.55
219,175.35,2.38,-44.55,-0.56
226,175.24,2.38,-44.64,-0.56
250,175.13,2.38,-44.74,-0.56
195,175.02,2.38,-44.84,-0.56
261,174.92,2.38,-44.94,-0.55
239,174.81,2.38,-45.04,-0.56
223,174.7,2.39,-45.13,-0.56
245,174.59,2.39,-45.23,-0.56
243,174.48,2.39,-45.33,-0.56
255,174.37,2.39,-45.43,-0.56
252,174.26,2.39,-45.53,-0.56
236,174.14,2.39,-45.62,-0.56
241,174.03,2.39,-45.72,-0.55
238,173.92,2.39,-45.82,-0.56
245,173.81,2.39,-45.92,-0.56
247,173.7,2.39,-46.01,-0.56
218,173.59,2.4,-46.11,-0.56
243,173.47,2.4,-46.21,-0.56
247,173.36,2.4,-46.31,-0.56
220,173.25,2.4,-46.41,-0.56
247,173.14,2.4,-46.5,-0.56
251,173.02,2.4,-46.6,-0.57
252,172.91,2.4,-46.7,-0.56
229,172.8,2.4,-46.8,-0.57
266,172.68,2.4,-46.89,-0.56
257,172.57,2.4,-46.99,-0.57
231,172.45,2.41,-47.09,-0.57
262,172.34,2.41,-47.19,-0.57
241,172.22,2.41,-47.29,-0.56
247,172.11,2.41,-47.38,-0.57
236,171.99,2.41,-47.48,-0.57
251,171.88,2.41,-47.58,-0.57
256,171.76,2.41,-47.68,-0.57
213,171.65,2.41,-47.78,-0.57
236,171.53,2.41,-47.87,-0.56
246,171.41,2.41,-47.97,-0.57
243,171.3,2.42,-48.07,-0.57
244,171.18,2.42,-48.17,-0.57
253,171.06,2.42,-48.27,-0.57
251,170.94,2.42,-48.36,-0.57
255,170.83,2.42,-48.46,-0.57
228,170.71,2.42,-48.56,-0.57
245,170.59,2.42,-48.66,-0.58
244,170.47,2.42,-48.75,-0.58
252,170.35,2.42,-48.85,-0.58
214,170.23,2.42,-48.95,-0.58
249,170.11,2.43,-49.05,-0.58
265,169.99,2.43,-49.15,-0.57
218,169.87,2.43,-49.24,-0.58
270,169.75,2.43,-49.34,-0.58
248,169.63,2.43,-49.44,-0.58
242,169.51,2.43,-49.54,-0.57
226,169.39,2.43,-49.64,-0.58
254,169.27,2.43,-49.73,-0.58
245,169.15,2.43,-49.83,-0.58
257,169.03,2.43,-49.93,-0.57
216,168.91,2.44,-50.03,-0.59
257,168.79,2.44,-50.13,-0.57
249,168.66,2.44,-50.22,-0.58
254,168.54,2.44,-50.32,-0.58
240,168.42,2.44,-50.42,-0.58
214,168.3,2.44,-50.52,-0.58
262,168.17,2.44,-50.61,-0.58
245,168.05,2.44,-50.71,-0.59
236,167.93,2.44,-50.81,-0.59
219,167.8,2.44,-50.91,-0.59
244,167.68,2.45,-51.01,-0.59
252,167.55,2.45,-51.11,-0.59
247,167.43,2.45,-51.2,-0.58
231,167.3,2.45,-51.3,-0.59
262,167.18,2.45,-51.4,-0.58
251,167.05,2.45,-51.5,-0.59
248,166.93,2.45,-51.59,-0.59
243,166.8,2.45,-51.69,-0.58
206,166.68,2.45,-51.79,-0.59
265,166.55,2.45,-51.89,-0.59
258,166.43,2.46,-51.99,-0.59
254,166.3,2.46,-52.08,-0.58
208,166.17,2.46,-52.18,-0.59
238,166.05,2.46,-52.28,-0.59
260,165.92,2.46,-52.38,-0.59
252,165.79,2.46,-52.47,-0.59
263,165.66,2.46,-52.57,-0.59
235,165.53,2.46,-52.67,-0.59
234,165.41,2.46,-52.77,-0.6
264,165.28,2.46,-52.87,-0.6
259,165.15,2.47,-52.96,-0.59
243,165.02,2.47,-53.06,-0.6
242,164.89,2.47,-53.16,-0.6
240,164.76,2.47,-53.26,-0.59
261,164.63,2.47,-53.35,-0.6
267,164.5,2.47,-53.45,-0.6
254,164.37,2.47,-53.55,-0.59
216,164.24,2.47,-53.65,-0.6
232,164.11,2.47,-53.75,-0.6
260,163.98,2.47,-53.84,-0.59
241,163.85,2.48,-53.94,-0.6
248,163.72,2.48,-54.04,-0.6
232,163.59,2.48,-54.14,-0.59
225,163.46,2.48,-54.23,-0.6
239,163.32,2.48,-54.33,-0.6
255,163.19,2.48,-54.43,-0.6
234,163.06,2.48,-54.53,-0.6
248,162.93,2.48,-54.63,-0.6
245,162.79,2.48,-54.72,-0.61
217,162.66,2.48,-54.82,-0.61
246,162.53,2.49,-54.92,-0.61
247,162.39,2.49,-55.02,-0.6
225,162.26,2.49,-55.11,-0.61
250,162.12,2.49,-55.21,-0.61
239,161.99,2.49,-55.31,-0.61
217,161.85,2.49,-55.41,-0.61
259,161.72,2.49,-55.51,-0.6
249,161.58,2.49,-55.6,-0.61
231,161.45,2.49,-55.7,-0.61
243,161.31,2.49,-55.8,-0.61
247,161.18,2.5,-55.9,-0.61
216,161.04,2.5,-56,-0.6
251,160.91,2.5,-56.09,-0.6
265,160.77,2.5,-56.19,-0.61
244,160.63,2.5,-56.29,-0.61
245,160.5,2.5,-56.39,-0.61
238,160.36,2.5,-56.48,-0.61
215,160.22,2.5,-56.58,-0.61
214,160.08,2.5,-56.68,-0.61
248,159.95,2.5,-56.78,-0.62
253,159.81,2.51,-56.87,-0.62
247,159.67,2.51,-56.97,-0.61
248,159.53,2.51,-57.07,-0.62
238,159.39,2.51,-57.17,-0.62
253,159.25,2.51,-57.27,-0.62
220,159.11,2.51,-57.36,-0.62
228,158.97,2.51,-57.46,-0.62
259,158.83,2.51,-57.56,-0.61
273,158.69,2.51,-57.66,-0.62
251,158.55,2.51,-57.76,-0.62
258,158.41,2.52,-57.85,-0.62
247,158.27,2.52,-57.95,-0.62
251,158.13,2.52,-58.05,-0.62
227,157.99,2.52,-58.15,-0.62
236,157.85,2.52,-58.25,-0.61
265,157.7,2.52,-58.34,-0.62
277,157.56,2.52,-58.44,-0.62
247,157.42,2.52,-58.54,-0.62
261,157.28,2.52,-58.64,-0.62
258,157.13,2.52,-58.73,-0.62
249,156.99,2.52,-58.83,-0.63
242,156.85,2.53,-58.93,-0.63
237,156.7,2.53,-59.03,-0.63
238,156.56,2.53,-59.13,-0.63
265,156.42,2.53,-59.23,-0.63
259,156.27,2.53,-59.32,-0.62
244,156.13,2.53,-59.42,-0.63
269,155.98,2.53,-59.52,-0.63
242,155.84,2.53,-59.62,-0.63
262,155.69,2.53,-59.72,-0.63
263,155.55,2.53,-59.81,-0.63
240,155.4,2.54,-59.91,-0.62
242,155.25,2.54,-60.01,-0.63
238,155.11,2.54,-60.11,-0.63
258,154.96,2.54,-60.2,-0.63
261,154.81,2.54,-60.3,-0.63
255,154.67,2.54,-60.4,-0.63
256,154.52,2.54,-60.5,-0.63
243,154.37,2.54,-60.6,-0.63
252,154.23,2.54,-60.69,-0.64
254,154.08,2.54,-60.79,-0.64
256,153.93,2.55,-60.89,-0.63
249,153.78,2.55,-60.99,-0.64
246,153.63,2.55,-61.09,-0.64
242,153.48,2.55,-61.18,-0.64
244,153.34,2.55,-61.28,-0.64
260,153.19,2.55,-61.38,-0.64
259,153.04,2.55,-61.48,-0.63
261,152.89,2.55,-61.57,-0.64
259,152.74,2.55,-61.67,-0.64
241,152.59,2.55,-61.77,-0.64
254,152.44,2.56,-61.87,-0.63
252,152.29,2.56,-61.97,-0.64
253,152.13,2.56,-62.06,-0.64
245,151.98,2.56,-62.16,-0.64
245,151.83,2.56,-62.26,-0.64
245,151.68,2.56,-62.36,-0.64
249,151.53,2.56,-62.46,-0.64
260,151.38,2.56,-62.55,-0.64
243,151.22,2.56,-62.65,-0.65
229,151.07,2.56,-62.75,-0.65
227,150.92,2.57,-62.85,-0.65
226,150.77,2.57,-62.95,-0.64
240,150.61,2.57,-63.04,-0.65
272,150.46,2.57,-63.14,-0.65
270,150.3,2.57,-63.24,-0.65
267,150.15,2.57,-63.34,-0.65
261,150,2.57,-63.43,-0.64
255,149.84,2.57,-63.53,-0.65
266,149.69,2.57,-63.63,-0.65
254,149.53,2.57,-63.73,-0.65
262,149.38,2.58,-63.83,-0.65
252,149.22,2.58,-63.92,-0.64
245,149.06,2.58,-64.02,-0.65
265,148.91,2.58,-64.12,-0.64
246,148.75,2.58,-64.22,-0.65
263,148.6,2.58,-64.32,-0.65
245,148.44,2.58,-64.41,-0.65
247,148.28,2.58,-64.51,-0.65
242,148.13,2.58,-64.61,-0.66
252,147.97,2.58,-64.71,-0.66
249,147.81,2.59,-64.81,-0.66
252,147.65,2.59,-64.9,-0.66
241,147.5,2.59,-65,-0.66
251,147.34,2.59,-65.1,-0.65
256,147.18,2.59,-65.2,-0.66
248,147.02,2.59,-65.29,-0.65
248,146.86,2.59,-65.39,-0.66
242,146.7,2.59,-65.49,-0.65
247,146.55,2.59,-65.59,-0.66
246,146.39,2.59,-65.68,-0.66
244,146.23,2.6,-65.78,-0.66
243,146.06,2.6,-65.88,-0.65
246,145.9,2.6,-65.98,-0.66
239,145.75,2.6,-66.07,-0.65
237,145.58,2.6,-66.17,-0.66
257,145.42,2.6,-66.27,-0.66
255,145.26,2.6,-66.37,-0.66
251,145.1,2.6,-66.47,-0.66
253,144.94,2.6,-66.56,-0.66
247,144.78,2.6,-66.66,-0.67
249,144.62,2.61,-66.76,-0.67
245,144.45,2.61,-66.86,-0.67
246,144.29,2.61,-66.95,-0.66
240,144.13,2.61,-67.05,-0.67
236,143.96,2.61,-67.15,-0.67
245,143.8,2.61,-67.25,-0.66
240,143.64,2.61,-67.35,-0.67
231,143.47,2.61,-67.44,-0.67
229,143.31,2.61,-67.54,-0.67
230,143.14,2.61,-67.64,-0.67
228,142.98,2.62,-67.74,-0.67
227,142.81,2.62,-67.84,-0.66
231,142.65,2.62,-67.93,-0.67
232,142.48,2.62,-68.03,-0.67
228,142.32,2.62,-68.13,-0.67
231,142.15,2.62,-68.23,-0.67
233,141.98,2.62,-68.32,-0.67
226,141.82,2.62,-68.42,-0.68
231,141.65,2.62,-68.52,-0.68
251,141.49,2.62,-68.62,-0.68
253,141.32,2.63,-68.72,-0.68
253,141.15,2.63,-68.82,-0.68
248,140.98,2.63,-68.91,-0.68
250,140.81,2.63,-69.01,-0.67
247,140.65,2.63,-69.11,-0.68
222,140.48,2.63,-69.21,-0.68
220,140.31,2.63,-69.3,-0.68
223,140.14,2.63,-69.4,-0.67
223,139.97,2.63,-69.5,-0.68
217,139.8,2.63,-69.6,-0.68
225,139.64,2.64,-69.7,-0.67
217,139.47,2.64,-69.79,-0.68
219,139.29,2.64,-69.89,-0.68
216,139.12,2.64,-69.99,-0.67
233,138.95,2.64,-70.09,-0.68
218,138.78,2.64,-70.18,-0.68
232,138.61,2.64,-70.28,-0.68
229,138.44,2.64,-70.38,-0.68
233,138.27,2.64,-70.48,-0.69
242,138.1,2.64,-70.58,-0.69
242,137.93,2.65,-70.67,-0.69
220,137.75,2.65,-70.77,-0.69
221,137.58,2.65,-70.87,-0.68
222,137.41,2.65,-70.97,-0.69
217,137.24,2.65,-71.07,-0.69
220,137.06,2.65,-71.16,-0.68
223,136.89,2.65,-71.26,-0.69
223,136.72,2.65,-71.36,-0.69
233,136.54,2.65,-71.46,-0.69
219,136.37,2.65,-71.56,-0.69
220,136.19,2.66,-71.65,-0.68
220,136.02,2.66,-71.75,-0.69
225,135.85,2.66,-71.85,-0.69
225,135.67,2.66,-71.95,-0.69
222,135.5,2.66,-72.04,-0.69
206,135.32,2.66,-72.14,-0.69
206,135.14,2.66,-72.24,-0.7
209,134.97,2.66,-72.34,-0.7
202,134.79,2.66,-72.43,-0.69
206,134.62,2.66,-72.53,-0.7
206,134.44,2.67,-72.63,-0.7
223,134.26,2.67,-72.73,-0.7
217,134.09,2.67,-72.83,-0.69
233,133.91,2.67,-72.92,-0.7
218,133.73,2.67,-73.02,-0.7
213,133.56,2.67,-73.12,-0.69
213,133.38,2.67,-73.22,-0.7
211,133.2,2.67,-73.31,-0.69
216,133.02,2.67,-73.41,-0.7
215,132.84,2.67,-73.51,-0.69
215,132.66,2.68,-73.61,-0.7
212,132.49,2.68,-73.71,-0.7
204,132.31,2.68,-73.8,-0.7
215,132.13,2.68,-73.9,-0.7
202,131.95,2.68,-74,-0.7
197,131.77,2.68,-74.1,-0.7
205,131.59,2.68,-74.19,-0.71
201,131.41,2.68,-74.29,-0.7
204,131.23,2.68,-74.39,-0.71
199,131.05,2.68,-74.49,-0.71
207,130.86,2.69,-74.59,-0.71
204,130.68,2.69,-74.68,-0.71
192,130.5,2.69,-74.78,-0.7
188,130.32,2.69,-74.88,-0.71
208,130.14,2.69,-74.98,-0.71
195,129.95,2.69,-75.07,-0.7
203,129.77,2.69,-75.17,-0.7
215,129.59,2.69,-75.27,-0.71
194,129.41,2.69,-75.37,-0.71
201,129.22,2.69,-75.46,-0.71
183,129.04,2.7,-75.56,-0.7
203,128.86,2.7,-75.66,-0.71
206,128.67,2.7,-75.76,-0.71
194,128.49,2.7,-75.85,-0.71
205,128.3,2.7,-75.95,-0.72
212,128.12,2.7,-76.05,-0.72
177,127.93,2.7,-76.15,-0.71
189,127.75,2.7,-76.25,-0.72
198,127.56,2.7,-76.34,-0.72
196,127.38,2.7,-76.44,-0.71
200,127.19,2.71,-76.54,-0.72
202,127,2.71,-76.64,-0.72
203,126.82,2.71,-76.74,-0.72
185,126.63,2.71,-76.83,-0.71
192,126.44,2.71,-76.93,-0.72
189,126.26,2.71,-77.03,-0.72
189,126.07,2.71,-77.13,-0.72
197,125.88,2.71,-77.23,-0.72
197,125.69,2.71,-77.32,-0.71
179,125.5,2.71,-77.42,-0.72
183,125.32,2.72,-77.52,-0.72
180,125.13,2.72,-77.62,-0.72
202,124.94,2.72,-77.71,-0.73
194,124.75,2.72,-77.81,-0.73
190,124.56,2.72,-77.91,-0.72
191,124.37,2.72,-78.01,-0.73
189,124.18,2.72,-78.11,-0.73
199,123.99,2.72,-78.2,-0.73
198,123.8,2.72,-78.3,-0.72
189,123.61,2.72,-78.4,-0.73
186,123.42,2.73,-78.5,-0.73
190,123.23,2.73,-78.59,-0.72
187,123.03,2.73,-78.69,-0.73
191,122.84,2.73,-78.79,-0.73
196,122.65,2.73,-78.89,-0.72
183,122.46,2.73,-78.99,-0.73
184,122.27,2.73,-79.08,-0.73
187,122.08,2.73,-79.18,-0.72
184,121.88,2.73,-79.28,-0.73
192,121.69,2.73,-79.38,-0.73
175,121.5,2.74,-79.48,-0.73
183,121.3,2.74,-79.57,-0.73
181,121.11,2.74,-79.67,-0.74
180,120.92,2.74,-79.77,-0.74
185,120.72,2.74,-79.87,-0.74
170,120.53,2.74,-79.96,-0.74
174,120.33,2.74,-80.06,-0.73
176,120.14,2.74,-80.16,-0.74
174,119.94,2.74,-80.26,-0.74
181,119.75,2.74,-80.35,-0.73
163,119.55,2.75,-80.45,-0.74
172,119.36,2.75,-80.55,-0.74
186,119.16,2.75,-80.65,-0.74
176,118.96,2.75,-80.75,-0.74
163,118.77,2.75,-80.85,-0.74
170,118.57,2.75,-80.94,-0.74
169,118.37,2.75,-81.04,-0.73
184,118.17,2.75,-81.14,-0.74
175,117.98,2.75,-81.24,-0.74
159,117.78,2.75,-81.33,-0.74
165,117.58,2.76,-81.43,-0.75
180,117.38,2.76,-81.53,-0.75
172,117.18,2.76,-81.63,-0.75
175,116.99,2.76,-81.73,-0.75
162,116.79,2.76,-81.82,-0.74
174,116.59,2.76,-81.92,-0.75
172,116.39,2.76,-82.02,-0.75
166,116.19,2.76,-82.12,-0.75
176,115.99,2.76,-82.21,-0.74
174,115.79,2.76,-82.31,-0.75
182,115.59,2.77,-82.41,-0.75
165,115.39,2.77,-82.51,-0.75
171,115.19,2.77,-82.61,-0.75
168,114.98,2.77,-82.7,-0.74
178,114.78,2.77,-82.8,-0.75
162,114.58,2.77,-82.9,-0.75
167,114.38,2.77,-83,-0.74
165,114.18,2.77,-83.1,-0.75
172,113.98,2.77,-83.19,-0.75
158,113.77,2.77,-83.29,-0.76
163,113.57,2.78,-83.39,-0.76
167,113.37,2.78,-83.49,-0.76
169,113.17,2.78,-83.59,-0.76
159,112.96,2.78,-83.68,-0.75
161,112.76,2.78,-83.78,-0.76
176,112.55,2.78,-83.88,-0.76
168,112.35,2.78,-83.98,-0.76
153,112.15,2.78,-84.07,-0.75
160,111.94,2.78,-84.17,-0.76
174,111.74,2.78,-84.27,-0.76
147,111.53,2.79,-84.37,-0.76
152,111.32,2.79,-84.46,-0.75
169,111.12,2.79,-84.56,-0.76
158,110.91,2.79,-84.66,-0.76
142,110.71,2.79,-84.76,-0.76
150,110.5,2.79,-84.86,-0.75
169,110.29,2.79,-84.95,-0.76
157,110.09,2.79,-85.05,-0.77
155,109.88,2.79,-85.15,-0.76
149,109.67,2.79,-85.25,-0.77
157,109.47,2.8,-85.35,-0.77
145,109.26,2.8,-85.44,-0.77
163,109.05,2.8,-85.54,-0.76
167,108.84,2.8,-85.64,-0.77
154,108.64,2.8,-85.74,-0.76
152,108.43,2.8,-85.83,-0.77
160,108.22,2.8,-85.93,-0.77
171,108.01,2.8,-86.03,-0.76
154,107.8,2.8,-86.13,-0.76
152,107.59,2.8,-86.22,-0.77
165,107.38,2.81,-86.32,-0.77
153,107.17,2.81,-86.42,-0.77
140,106.96,2.81,-86.52,-0.77
156,106.75,2.81,-86.62,-0.76
143,106.54,2.81,-86.71,-0.77
141,106.33,2.81,-86.81,-0.78
152,106.12,2.81,-86.91,-0.78
147,105.9,2.81,-87.01,-0.78
139,105.69,2.81,-87.1,-0.77
149,105.48,2.81,-87.2,-0.78
159,105.27,2.82,-87.3,-0.78
149,105.06,2.82,-87.4,-0.77
149,104.84,2.82,-87.5,-0.78
143,104.63,2.82,-87.59,-0.78
137,104.42,2.82,-87.69,-0.77
145,104.21,2.82,-87.79,-0.78
142,103.99,2.82,-87.89,-0.78
137,103.78,2.82,-87.98,-0.77
141,103.56,2.82,-88.08,-0.78
141,103.35,2.82,-88.18,-0.78
135,103.14,2.83,-88.28,-0.78
142,102.92,2.83,-88.38,-0.77
140,102.71,2.83,-88.47,-0.78
136,102.49,2.83,-88.57,-0.79
139,102.27,2.83,-88.67,-0.79
139,102.06,2.83,-88.77,-0.78
142,101.84,2.83,-88.87,-0.79
139,101.63,2.83,-88.96,-0.79
139,101.41,2.83,-89.06,-0.79
142,101.19,2.83,-89.16,-0.78
152,100.98,2.84,-89.26,-0.79
134,100.76,2.84,-89.35,-0.79
141,100.54,2.84,-89.45,-0.79
137,100.32,2.84,-89.55,-0.79
137,100.1,2.84,-89.65,-0.78
140,99.89,2.84,-89.58,0.52
131,99.67,2.84,-89.49,0.77
128,99.46,2.84,-89.39,0.77
125,99.25,2.84,-89.3,0.77
149,99.03,2.84,-89.2,0.77
134,98.82,2.85,-89.1,0.78
141,98.61,2.85,-89.01,0.78
140,98.4,2.85,-88.91,0.78
128,98.19,2.85,-88.82,0.79
143,97.97,2.85,-88.72,0.78
139,97.76,2.85,-88.62,0.78
140,97.55,2.85,-88.53,0.78
143,97.34,2.85,-88.43,0.78
141,97.13,2.85,-88.34,0.78
140,96.92,2.85,-88.24,0.79
135,96.71,2.86,-88.15,0.78
142,96.5,2.86,-88.05,0.78
141,96.29,2.86,-87.95,0.78
138,96.08,2.86,-87.86,0.78
146,95.87,2.86,-87.76,0.78
146,95.66,2.86,-87.67,0.78
140,95.45,2.86,-87.57,0.78
137,95.24,2.86,-87.48,0.78
146,95.03,2.86,-87.38,0.78
147,94.82,2.86,-87.28,0.8
142,94.62,2.87,-87.19,0.79
136,94.41,2.87,-87.09,0.79
147,94.2,2.87,-87,0.79
145,93.99,2.87,-86.9,0.79
141,93.79,2.87,-86.8,0.79
154,93.58,2.87,-86.71,0.79
152,93.38,2.87,-86.61,0.79
152,93.17,2.87,-86.52,0.79
158,92.96,2.87,-86.42,0.79
154,92.76,2.87,-86.33,0.79
153,92.55,2.88,-86.23,0.8
160,92.35,2.88,-86.13,0.79
161,92.14,2.88,-86.04,0.79
155,91.93,2.88,-85.94,0.79
157,91.73,2.88,-85.85,0.79
145,91.53,2.88,-85.75,0.79
163,91.32,2.88,-85.65,0.79
157,91.12,2.88,-85.56,0.8
155,90.91,2.88,-85.46,0.8
165,90.71,2.88,-85.37,0.8
154,90.51,2.89,-85.27,0.81
143,90.3,2.89,-85.18,0.8
147,90.1,2.89,-85.08,0.8
168,89.9,2.89,-84.98,0.8
155,89.7,2.89,-84.89,0.8
160,89.49,2.89,-84.79,0.79
152,89.29,2.89,-84.7,0.8
149,89.09,2.89,-84.6,0.8
163,88.89,2.89,-84.51,0.8
149,88.69,2.89,-84.41,0.8
157,88.49,2.9,-84.31,0.8
172,88.29,2.9,-84.22,0.8
166,88.09,2.9,-84.12,0.8
152,87.89,2.9,-84.03,0.8
160,87.69,2.9,-83.93,0.79
176,87.49,2.9,-83.84,0.81
170,87.29,2.9,-83.74,0.81
150,87.09,2.9,-83.65,0.81
160,86.89,2.9,-83.55,0.81
161,86.69,2.9,-83.46,0.81
164,86.49,2.91,-83.36,0.81
172,86.29,2.91,-83.26,0.81
162,86.1,2.91,-83.17,0.82
167,85.9,2.91,-83.07,0.8
167,85.7,2.91,-82.98,0.8
178,85.5,2.91,-82.88,0.81
164,85.31,2.91,-82.79,0.81
172,85.11,2.91,-82.69,0.82
175,84.91,2.91,-82.59,0.81
183,84.72,2.91,-82.5,0.81
169,84.52,2.92,-82.4,0.81
168,84.32,2.92,-82.31,0.81
174,84.12,2.92,-82.21,0.82
179,83.93,2.92,-82.11,0.81
170,83.73,2.92,-82.02,0.82
167,83.54,2.92,-81.92,0.82
161,83.34,2.92,-81.83,0.82
176,83.15,2.92,-81.73,0.82
177,82.95,2.92,-81.64,0.82
167,82.76,2.92,-81.54,0.83
177,82.56,2.93,-81.44,0.82
164,82.37,2.93,-81.35,0.82
181,82.18,2.93,-81.25,0.82
175,81.98,2.93,-81.16,0.82
168,81.79,2.93,-81.06,0.82
163,81.6,2.93,-80.96,0.82
164,81.4,2.93,-80.87,0.82
184,81.21,2.93,-80.77,0.82
174,81.02,2.93,-80.68,0.82
178,80.83,2.93,-80.58,0.82
163,80.63,2.94,-80.49,0.82
175,80.44,2.94,-80.39,0.84
188,80.25,2.94,-80.29,0.83
176,80.06,2.94,-80.2,0.83
183,79.87,2.94,-80.1,0.83
170,79.68,2.94,-80.01,0.83
177,79.49,2.94,-79.91,0.83
178,79.3,2.94,-79.82,0.83
179,79.11,2.94,-79.72,0.84
191,78.91,2.94,-79.62,0.83
177,78.73,2.95,-79.53,0.83
178,78.54,2.95,-79.43,0.83
183,78.35,2.95,-79.34,0.83
188,78.16,2.95,-79.24,0.84
196,77.97,2.95,-79.14,0.83
182,77.78,2.95,-79.05,0.83
181,77.59,2.95,-78.95,0.83
193,77.4,2.95,-78.86,0.83
194,77.22,2.95,-78.76,0.84
195,77.03,2.95,-78.66,0.83
186,76.84,2.96,-78.57,0.84
206,76.65,2.96,-78.47,0.84
195,76.47,2.96,-78.38,0.84
180,76.28,2.96,-78.28,0.84
199,76.09,2.96,-78.19,0.84
200,75.91,2.96,-78.09,0.85
200,75.72,2.96,-77.99,0.84
200,75.53,2.96,-77.9,0.84
172,75.35,2.96,-77.8,0.84
195,75.16,2.96,-77.71,0.84
198,74.98,2.97,-77.61,0.84
181,74.79,2.97,-77.51,0.84
205,74.61,2.97,-77.42,0.84
195,74.42,2.97,-77.32,0.84
192,74.24,2.97,-77.23,0.84
181,74.06,2.97,-77.13,0.85
184,73.87,2.97,-77.04,0.86
189,73.69,2.97,-76.94,0.85
210,73.51,2.97,-76.84,0.85
209,73.32,2.97,-76.75,0.85
203,73.14,2.98,-76.65,0.85
204,72.96,2.98,-76.56,0.85
188,72.77,2.98,-76.46,0.85
189,72.59,2.98,-76.37,0.85
199,72.41,2.98,-76.27,0.86
199,72.23,2.98,-76.17,0.85
204,72.05,2.98,-76.08,0.85
205,71.87,2.98,-75.98,0.85
218,71.68,2.98,-75.89,0.85
218,71.5,2.98,-75.79,0.84
203,71.32,2.99,-75.7,0.85
200,71.14,2.99,-75.6,0.85
196,70.96,2.99,-75.5,0.85
194,70.79,2.99,-75.41,0.85
213,70.61,2.99,-75.31,0.86
211,70.43,2.99,-75.22,0.87
222,70.25,2.99,-75.12,0.86
208,70.07,2.99,-75.02,0.86
205,69.89,2.99,-74.93,0.86
192,69.71,2.99,-74.83,0.86
198,69.53,3,-74.74,0.86
199,69.35,3,-74.64,0.86
202,69.18,3,-74.55,0.86
221,69,3,-74.45,0.85
224,68.82,3,-74.36,0.86
222,68.65,3,-74.26,0.86
216,68.47,3,-74.16,0.86
216,68.29,3,-74.07,0.86
201,68.12,3,-73.97,0.86
201,67.94,3,-73.88,0.86
208,67.77,3.01,-73.78,0.87
214,67.59,3.01,-73.69,0.86
213,67.42,3.01,-73.59,0.87
212,67.24,3.01,-73.49,0.87
214,67.07,3.01,-73.4,0.87
218,66.89,3.01,-73.3,0.87
213,66.72,3.01,-73.21,0.87
215,66.54,3.01,-73.11,0.87
228,66.37,3.01,-73.02,0.87
231,66.19,3.01,-72.92,0.87
215,66.02,3.02,-72.82,0.87
201,65.85,3.02,-72.73,0.87
216,65.67,3.02,-72.63,0.87
222,65.5,3.02,-72.54,0.87
223,65.33,3.02,-72.44,0.87
223,65.16,3.02,-72.35,0.87
229,64.99,3.02,-72.25,0.87
227,64.81,3.02,-72.15,0.87
228,64.64,3.02,-72.06,0.87
232,64.47,3.02,-71.96,0.88
227,64.3,3.03,-71.87,0.86
225,64.13,3.03,-71.77,0.89
230,63.96,3.03,-71.68,0.87
231,63.79,3.03,-71.58,0.89
215,63.62,3.03,-71.49,0.88
216,63.45,3.03,-71.39,0.88
216,63.28,3.03,-71.29,0.88
219,63.11,3.03,-71.2,0.88
221,62.94,3.03,-71.1,0.88
230,62.77,3.03,-71.01,0.88
231,62.6,3.04,-70.91,0.87
236,62.43,3.04,-70.82,0.89
231,62.26,3.04,-70.72,0.87
238,62.09,3.04,-70.63,0.88
232,61.92,3.04,-70.53,0.9
245,61.76,3.04,-70.43,0.89
239,61.59,3.04,-70.34,0.88
240,61.42,3.04,-70.24,0.89
243,61.26,3.04,-70.15,0.89
245,61.09,3.04,-70.05,0.89
236,60.92,3.05,-69.96,0.88
240,60.76,3.05,-69.86,0.9
243,60.59,3.05,-69.76,0.89
238,60.42,3.05,-69.67,0.89
244,60.26,3.05,-69.57,0.89
243,60.09,3.05,-69.48,0.88
239,59.93,3.05,-69.38,0.89
244,59.76,3.05,-69.29,0.89
226,59.6,3.05,-69.19,0.89
231,59.43,3.05,-69.09,0.89
232,59.27,3.06,-69,0.89
235,59.1,3.06,-68.9,0.89
235,58.94,3.06,-68.81,0.89
238,58.78,3.06,-68.71,0.9
237,58.61,3.06,-68.62,0.9
240,58.45,3.06,-68.52,0.89
227,58.29,3.06,-68.42,0.91
238,58.12,3.06,-68.33,0.9
231,57.96,3.06,-68.23,0.89
241,57.8,3.06,-68.14,0.9
235,57.64,3.07,-68.04,0.9
224,57.48,3.07,-67.95,0.9
232,57.32,3.07,-67.85,0.9
226,57.15,3.07,-67.76,0.9
235,56.99,3.07,-67.66,0.9
236,56.83,3.07,-67.57,0.89
237,56.67,3.07,-67.47,0.9
236,56.51,3.07,-67.37,0.9
239,56.35,3.07,-67.28,0.91
236,56.19,3.07,-67.18,0.9
239,56.03,3.08,-67.09,0.91
226,55.87,3.08,-66.99,0.91
238,55.71,3.08,-66.9,0.91
231,55.55,3.08,-66.8,0.91
228,55.39,3.08,-66.7,0.91
232,55.24,3.08,-66.61,0.91
229,55.08,3.08,-66.51,0.91
233,54.92,3.08,-66.42,0.91
231,54.76,3.08,-66.32,0.91
242,54.6,3.08,-66.23,0.91
237,54.44,3.09,-66.13,0.91
240,54.29,3.09,-66.03,0.91
248,54.13,3.09,-65.94,0.91
266,53.97,3.09,-65.84,0.91
269,53.82,3.09,-65.75,0.93
257,53.66,3.09,-65.65,0.91
269,53.5,3.09,-65.56,0.9
259,53.35,3.09,-65.46,0.91
258,53.19,3.09,-65.36,0.92
261,53.04,3.09,-65.27,0.92
260,52.88,3.1,-65.17,0.92
245,52.73,3.1,-65.08,0.93
255,52.57,3.1,-64.98,0.91
247,52.42,3.1,-64.88,0.93
245,52.26,3.1,-64.79,0.92
246,52.11,3.1,-64.69,0.92
249,51.95,3.1,-64.6,0.92
256,51.8,3.1,-64.5,0.91
253,51.65,3.1,-64.41,0.92
260,51.49,3.1,-64.31,0.93
256,51.34,3.11,-64.21,0.92
262,51.19,3.11,-64.12,0.92
258,51.03,3.11,-64.02,0.92
253,50.88,3.11,-63.93,0.93
240,50.73,3.11,-63.83,0.94
236,50.58,3.11,-63.74,0.93
239,50.42,3.11,-63.64,0.93
236,50.27,3.11,-63.54,0.94
263,50.12,3.11,-63.45,0.93
256,49.97,3.11,-63.35,0.93
273,49.82,3.12,-63.26,0.93
264,49.67,3.12,-63.16,0.94
261,49.52,3.12,-63.06,0.93
265,49.37,3.12,-62.97,0.93
265,49.21,3.12,-62.87,0.93
266,49.06,3.12,-62.78,0.93
263,48.91,3.12,-62.68,0.94
262,48.77,3.12,-62.58,0.93
263,48.62,3.12,-62.49,0.93
246,48.47,3.12,-62.39,0.93
243,48.32,3.13,-62.3,0.95
247,48.17,3.13,-62.2,0.94
250,48.02,3.13,-62.1,0.94
272,47.87,3.13,-62.01,0.94
275,47.73,3.13,-61.91,0.94
278,47.58,3.13,-61.82,0.94
265,47.43,3.13,-61.72,0.94
264,47.28,3.13,-61.62,0.95
261,47.14,3.13,-61.53,0.94
264,46.99,3.13,-61.43,0.94
261,46.84,3.14,-61.34,0.93
253,46.7,3.14,-61.24,0.94
247,46.55,3.14,-61.15,0.94
253,46.4,3.14,-61.05,0.94
274,46.26,3.14,-60.96,0.94
273,46.11,3.14,-60.86,0.95
276,45.97,3.14,-60.76,0.96
264,45.82,3.14,-60.67,0.94
258,45.68,3.14,-60.57,0.95
270,45.54,3.14,-60.48,0.95
261,45.39,3.15,-60.38,0.95
277,45.25,3.15,-60.28,0.96
248,45.1,3.15,-60.19,0.95
242,44.96,3.15,-60.09,0.95
270,44.82,3.15,-60,0.95
266,44.67,3.15,-59.9,0.95
273,44.53,3.15,-59.8,0.95
269,44.39,3.15,-59.71,0.95
266,44.25,3.15,-59.61,0.95
264,44.1,3.15,-59.52,0.95
255,43.96,3.16,-59.42,0.95
239,43.82,3.16,-59.32,0.97
241,43.68,3.16,-59.23,0.96
277,43.54,3.16,-59.13,0.95
274,43.4,3.16,-59.04,0.95
263,43.26,3.16,-58.94,0.96
268,43.12,3.16,-58.85,0.97
265,42.98,3.16,-58.75,0.96
268,42.84,3.16,-58.65,0.96
236,42.7,3.16,-58.56,0.96
282,42.56,3.17,-58.46,0.96
276,42.42,3.17,-58.37,0.97
257,42.28,3.17,-58.27,0.96
257,42.14,3.17,-58.17,0.96
257,42,3.17,-58.08,0.96
258,41.86,3.17,-57.98,0.96
242,41.72,3.17,-57.89,0.96
244,41.58,3.17,-57.79,0.96
271,41.45,3.17,-57.69,0.98
270,41.31,3.17,-57.6,0.96
256,41.17,3.18,-57.5,0.97
249,41.03,3.18,-57.41,0.97
265,40.9,3.18,-57.31,0.97
235,40.76,3.18,-57.22,0.97
241,40.62,3.18,-57.12,0.98
272,40.49,3.18,-57.02,0.97
254,40.35,3.18,-56.93,0.97
265,40.22,3.18,-56.83,0.97
255,40.08,3.18,-56.74,0.97
224,39.95,3.18,-56.64,0.97
231,39.81,3.19,-56.55,0.97
268,39.68,3.19,-56.45,0.99
258,39.54,3.19,-56.35,0.97
251,39.41,3.19,-56.26,0.97
252,39.27,3.19,-56.16,0.97
221,39.14,3.19,-56.07,0.97
221,39.01,3.19,-55.97,0.97
264,38.87,3.19,-55.87,0.98
247,38.74,3.19,-55.78,0.98
246,38.61,3.19,-55.68,0.99
259,38.47,3.2,-55.59,0.98
229,38.34,3.2,-55.49,0.98
222,38.21,3.2,-55.39,0.98
269,38.08,3.2,-55.3,0.98
252,37.95,3.2,-55.2,0.98
253,37.82,3.2,-55.11,0.97
266,37.68,3.2,-55.01,0.99
237,37.55,3.2,-54.92,0.98
266,37.42,3.2,-54.82,0.98
255,37.29,3.2,-54.72,0.98
268,37.16,3.21,-54.63,0.98
251,37.03,3.21,-54.53,0.99
241,36.9,3.21,-54.44,0.98
251,36.77,3.21,-54.34,0.99
265,36.64,3.21,-54.25,0.99
245,36.51,3.21,-54.15,1
254,36.38,3.21,-54.05,0.99
226,36.25,3.21,-53.96,0.99
269,36.13,3.21,-53.86,0.99
264,36,3.21,-53.77,0.99
245,35.87,3.22,-53.67,0.99
260,35.74,3.22,-53.57,0.99
223,35.61,3.22,-53.48,1
280,35.49,3.22,-53.38,0.98
265,35.36,3.22,-53.29,1
270,35.23,3.22,-53.19,0.99
254,35.11,3.22,-53.1,0.99
249,34.98,3.22,-53,0.99
257,34.85,3.22,-52.9,1
268,34.73,3.22,-52.81,0.99
272,34.6,3.23,-52.71,1
267,34.48,3.23,-52.62,1.01
238,34.35,3.23,-52.52,1
282,34.22,3.23,-52.42,1
256,34.1,3.23,-52.33,1
257,33.97,3.23,-52.23,1.01
224,33.85,3.23,-52.14,1
283,33.72,3.23,-52.04,1
267,33.6,3.23,-51.94,1
259,33.48,3.23,-51.85,1
246,33.35,3.24,-51.75,1
274,33.23,3.24,-51.66,1
256,33.11,3.24,-51.56,1
269,32.99,3.24,-51.47,1
254,32.86,3.24,-51.37,1
242,32.74,3.24,-51.27,1.01
250,32.62,3.24,-51.18,1
255,32.5,3.24,-51.08,1.01
261,32.37,3.24,-50.99,1.01
236,32.25,3.24,-50.89,1.02
248,32.13,3.25,-50.79,1.01
247,32.01,3.25,-50.7,1.01
249,31.89,3.25,-50.6,1.01
228,31.77,3.25,-50.51,1.01
255,31.65,3.25,-50.41,1.01
248,31.53,3.25,-50.32,1.01
247,31.41,3.25,-50.22,1.03
228,31.29,3.25,-50.12,1.01
262,31.17,3.25,-50.03,1.01
247,31.05,3.25,-49.93,1.01
250,30.93,3.26,-49.84,1.01
225,30.81,3.26,-49.74,1.03
255,30.69,3.26,-49.64,1.02
250,30.58,3.26,-49.55,1.02
255,30.46,3.26,-49.45,1.02
257,30.34,3.26,-49.36,1.02
250,30.22,3.26,-49.26,1.02
248,30.1,3.26,-49.17,1.02
217,29.99,3.26,-49.07,1.02
267,29.87,3.26,-48.97,1.03
258,29.75,3.27,-48.88,1.02
244,29.64,3.27,-48.78,1.02
224,29.52,3.27,-48.69,1.02
268,29.4,3.27,-48.59,1.02
255,29.29,3.27,-48.49,1.02
224,29.17,3.27,-48.4,1.02
263,29.06,3.27,-48.3,1.03
248,28.94,3.27,-48.21,1.02
253,28.83,3.27,-48.11,1.02
217,28.71,3.27,-48.01,1.04
250,28.6,3.28,-47.92,1.01
237,28.49,3.28,-47.82,1.03
224,28.37,3.28,-47.73,1.04
256,28.26,3.28,-47.63,1.03
244,28.14,3.28,-47.54,1.03
251,28.03,3.28,-47.44,1.03
227,27.92,3.28,-47.35,1.03
268,27.81,3.28,-47.25,1.03
266,27.69,3.28,-47.15,1.04
248,27.58,3.28,-47.06,1.03
267,27.47,3.29,-46.96,1.03
264,27.36,3.29,-46.87,1.03
231,27.24,3.29,-46.77,1.03
270,27.13,3.29,-46.67,1.04
261,27.02,3.29,-46.58,1.03
260,26.91,3.29,-46.48,1.04
252,26.8,3.29,-46.39,1.05
253,26.69,3.29,-46.29,1.04
256,26.58,3.29,-46.19,1.04
212,26.47,3.29,-46.1,1.04
253,26.36,3.3,-46,1.04
246,26.25,3.3,-45.91,1.04
247,26.14,3.3,-45.81,1.04
250,26.03,3.3,-45.72,1.04
260,25.92,3.3,-45.62,1.04
223,25.81,3.3,-45.52,1.04
257,25.71,3.3,-45.43,1.04
246,25.6,3.3,-45.33,1.04
214,25.49,3.3,-45.24,1.04
257,25.38,3.3,-45.14,1.03
254,25.27,3.31,-45.05,1.06
241,25.17,3.31,-44.95,1.03
250,25.06,3.31,-44.86,1.05
241,24.95,3.31,-44.76,1.05
209,24.85,3.31,-44.66,1.05
250,24.74,3.31,-44.57,1.05
252,24.63,3.31,-44.47,1.06
212,24.53,3.31,-44.38,1.05
237,24.42,3.31,-44.28,1.05
248,24.32,3.31,-44.18,1.05
226,24.21,3.32,-44.09,1.05
236,24.11,3.32,-43.99,1.05
239,24,3.32,-43.9,1.05
214,23.9,3.32,-43.8,1.06
240,23.79,3.32,-43.71,1.05
244,23.69,3.32,-43.61,1.06
240,23.59,3.32,-43.51,1.07
235,23.48,3.32,-43.42,1.06
228,23.38,3.32,-43.32,1.06
241,23.27,3.32,-43.23,1.06
229,23.17,3.33,-43.13,1.06
191,23.07,3.33,-43.04,1.06
223,22.97,3.33,-42.94,1.06
224,22.86,3.33,-42.84,1.07
199,22.76,3.33,-42.75,1.06
240,22.66,3.33,-42.65,1.06
237,22.56,3.33,-42.56,1.06
201,22.46,3.33,-42.46,1.06
240,22.36,3.33,-42.36,1.06
233,22.25,3.33,-42.27,1.06
225,22.15,3.34,-42.17,1.07
242,22.05,3.34,-42.08,1.08
185,21.95,3.34,-41.98,1.07
238,21.85,3.34,-41.88,1.07
237,21.75,3.34,-41.79,1.07
204,21.65,3.34,-41.69,1.07
239,21.55,3.34,-41.6,1.07
206,21.46,3.34,-41.5,1.07
231,21.36,3.34,-41.41,1.07
225,21.26,3.34,-41.31,1.07
201,21.16,3.35,-41.21,1.07
219,21.06,3.35,-41.12,1.07
249,20.96,3.35,-41.02,1.07
221,20.87,3.35,-40.93,1.07
231,20.77,3.35,-40.83,1.07
182,20.67,3.35,-40.74,1.09
233,20.57,3.35,-40.64,1.07
228,20.48,3.35,-40.54,1.08
226,20.38,3.35,-40.45,1.08
220,20.28,3.35,-40.35,1.08
195,20.19,3.36,-40.26,1.08
223,20.09,3.36,-40.16,1.08
226,20,3.36,-40.07,1.08
206,19.9,3.36,-39.97,1.08
242,19.81,3.36,-39.87,1.08
188,19.71,3.36,-39.78,1.08
224,19.62,3.36,-39.68,1.08
223,19.52,3.36,-39.59,1.08
216,19.43,3.36,-39.49,1.08
221,19.33,3.36,-39.4,1.08
187,19.24,3.37,-39.3,1.09
217,19.15,3.37,-39.2,1.08
199,19.05,3.37,-39.11,1.08
204,18.96,3.37,-39.01,1.1
237,18.87,3.37,-38.92,1.09
211,18.77,3.37,-38.82,1.09
232,18.68,3.37,-38.72,1.09
198,18.59,3.37,-38.63,1.09
204,18.5,3.37,-38.53,1.09
192,18.41,3.37,-38.44,1.09
213,18.31,3.38,-38.34,1.09
221,18.22,3.38,-38.25,1.09
205,18.13,3.38,-38.15,1.11
210,18.04,3.38,-38.05,1.09
175,17.95,3.38,-37.96,1.09
191,17.86,3.38,-37.86,1.09
204,17.77,3.38,-37.77,1.09
200,17.68,3.38,-37.67,1.1
214,17.59,3.38,-37.57,1.09
198,17.5,3.38,-37.48,1.1
208,17.41,3.39,-37.38,1.1
203,17.32,3.39,-37.29,1.1
186,17.23,3.39,-37.19,1.11
174,17.14,3.39,-37.1,1.1
186,17.06,3.39,-37,1.1
173,16.97,3.39,-36.91,1.09
204,16.88,3.39,-36.81,1.11
185,16.79,3.39,-36.71,1.1
185,16.71,3.39,-36.62,1.1
194,16.62,3.39,-36.52,1.1
169,16.53,3.4,-36.42,1.12
210,16.44,3.4,-36.33,1.11
177,16.36,3.4,-36.23,1.1
202,16.27,3.4,-36.14,1.1
155,16.18,3.4,-36.04,1.11
181,16.1,3.4,-35.95,1.11
178,16.01,3.4,-35.85,1.11
189,15.93,3.4,-35.75,1.11
154,15.84,3.4,-35.66,1.11
180,15.76,3.4,-35.56,1.12
148,15.67,3.41,-35.47,1.11
181,15.59,3.41,-35.37,1.11
205,15.5,3.41,-35.27,1.13
155,15.42,3.41,-35.18,1.11
211,15.34,3.41,-35.08,1.11
160,15.25,3.41,-34.99,1.13
217,15.17,3.41,-34.89,1.12
143,15.09,3.41,-34.79,1.11
222,15,3.41,-34.7,1.11
135,14.92,3.41,-34.6,1.12
204,14.84,3.42,-34.51,1.13
144,14.75,3.42,-34.41,1.12
207,14.67,3.42,-34.31,1.12
138,14.59,3.42,-34.22,1.13
218,14.51,3.42,-34.12,1.12
131,14.43,3.42,-34.02,1.13
230,14.35,3.42,-33.93,1.12
140,14.26,3.42,-33.83,1.12
220,14.18,3.42,-33.74,1.12
136,14.1,3.42,-33.64,1.12
224,14.02,3.43,-33.54,1.14
141,13.94,3.43,-33.45,1.12
211,13.86,3.43,-33.35,1.13
143,13.78,3.43,-33.26,1.14
220,13.7,3.43,-33.16,1.12
123,13.62,3.43,-33.07,1.13
197,13.55,3.43,-32.97,1.14
145,13.47,3.43,-32.87,1.13
203,13.39,3.43,-32.78,1.13
143,13.31,3.43,-32.68,1.13
214,13.23,3.44,-32.58,1.14
125,13.15,3.44,-32.49,1.13
219,13.08,3.44,-32.39,1.13
113,13,3.44,-32.3,1.12
203,12.92,3.44,-32.2,1.15
141,12.85,3.44,-32.11,1.13
198,12.77,3.44,-32.01,1.13
130,12.69,3.44,-31.91,1.13
150,12.62,3.44,-31.82,1.15
113,12.54,3.44,-31.72,1.13
167,12.46,3.45,-31.63,1.14
115,12.39,3.45,-31.53,1.15
187,12.31,3.45,-31.43,1.14
92,12.24,3.45,-31.34,1.12
188,12.16,3.45,-31.24,1.15
119,12.09,3.45,-31.15,1.14
172,12.02,3.45,-31.05,1.14
90,11.94,3.45,-30.96,1.13
198,11.87,3.45,-30.86,1.14
75,11.8,3.45,-30.77,1.13
215,11.72,3.46,-30.67,1.14
173,11.65,3.46,-30.57,1.16
77,11.58,3.46,-30.48,1.13
154,11.51,3.46,-30.38,1.14
77,11.43,3.46,-30.29,1.13
129,11.36,3.46,-30.19,1.15
34,11.29,3.46,-30.1,1.13
230,11.22,3.46,-30,1.15
47,11.15,3.46,-29.91,1.13
226,11.08,3.46,-29.81,1.15
100,11.01,3.47,-29.72,1.16
126,10.94,3.47,-29.62,1.15
76,10.87,3.47,-29.53,1.14
131,10.8,3.47,-29.43,1.17
167,10.72,3.47,-29.33,1.15
93,10.66,3.47,-29.24,1.14
146,10.59,3.47,-29.14,1.15
95,10.52,3.47,-29.05,1.16
119,10.45,3.47,-28.95,1.15
92,10.38,3.47,-28.86,1.14
110,10.31,3.48,-28.76,1.16
141,10.24,3.48,-28.67,1.16
96,10.18,3.48,-28.57,1.16
163,10.11,3.48,-28.47,1.16
72,10.04,3.48,-28.38,1.14
86,9.97,3.48,-28.29,1.11
89,9.91,3.48,-28.19,1.13
67,9.84,3.48,-28.1,1.13
176,9.78,3.48,-28.01,1.15
76,9.71,3.48,-27.91,1.13
123,9.65,3.49,-27.82,1.15
61,9.58,3.49,-27.73,1.13
116,9.52,3.49,-27.63,1.15
129,9.45,3.49,-27.54,1.14
93,9.39,3.49,-27.44,1.15
94,9.33,3.49,-27.35,1.12
75,9.26,3.49,-27.26,1.14
81,9.2,3.49,-27.17,1.14
142,9.14,3.49,-27.07,1.15
60,9.07,3.49,-26.98,1.14
70,9.01,3.5,-26.89,1.12
62,8.95,3.5,-26.79,1.14
60,8.89,3.5,-26.7,1.14
137,8.82,3.5,-26.61,1.14
42,8.76,3.5,-26.51,1.14
90,8.7,3.5,-26.42,1.14
109,8.64,3.5,-26.33,1.16
62,8.58,3.5,-26.23,1.14
75,8.52,3.5,-26.14,1.15
51,8.46,3.5,-26.05,1.13
56,8.4,3.51,-25.95,1.15
111,8.34,3.51,-25.86,1.16
36,8.28,3.51,-25.77,1.15
81,8.22,3.51,-25.67,1.15
109,8.16,3.51,-25.58,1.16
55,8.1,3.51,-25.48,1.15
64,8.04,3.51,-25.39,1.15
44,7.98,3.51,-25.3,1.14
43,7.92,3.51,-25.21,1.15
88,7.86,3.51,-25.11,1.15
48,7.8,3.52,-25.02,1.15
59,7.75,3.52,-24.93,1.15
105,7.69,3.52,-24.83,1.17
32,7.63,3.52,-24.74,1.15
60,7.57,3.52,-24.65,1.16
94,7.52,3.52,-24.55,1.16
38,7.46,3.52,-24.46,1.14
47,7.4,3.52,-24.37,1.16
21,7.35,3.52,-24.27,1.16
35,7.29,3.52,-24.18,1.16
31,7.23,3.53,-24.09,1.16
0,7.18,3.53,-24,1.14
26,7.12,3.53,-23.9,1.15
46,7.07,3.53,-23.81,1.16
19,7.01,3.53,-23.72,1.16
16,6.96,3.53,-23.62,1.16
69,6.9,3.53,-23.53,1.15
20,6.85,3.53,-23.44,1.16
18,6.8,3.53,-23.35,1.16
67,6.74,3.53,-23.25,1.17
1,6.69,3.54,-23.16,1.13
20,6.64,3.54,-23.07,1.17
51,6.58,3.54,-22.98,1.15
2,6.53,3.54,-22.88,1.15
16,6.48,3.54,-22.79,1.17
14,6.42,3.54,-22.7,1.17
0,6.37,3.54,-22.61,1.14
4,6.32,3.54,-22.51,1.15
24,6.27,3.54,-22.42,1.17
0,6.22,3.54,-22.33,1.14
7,6.17,3.55,-22.24,1.16
12,6.12,3.55,-22.15,1.17
33,6.07,3.55,-22.05,1.17
0,6.01,3.55,-21.96,1.14
17,5.96,3.55,-21.87,1.17
42,5.91,3.55,-21.77,1.18
0,5.86,3.55,-21.68,1.16
0,5.81,3.55,-21.59,1.15
24,5.76,3.55,-21.5,1.18
0,5.72,3.55,-21.41,1.16
0,5.67,3.56,-21.31,1.16
22,5.62,3.56,-21.22,1.16
0,5.57,3.56,-21.13,1.16
0,5.52,3.56,-21.04,1.17
0,5.47,3.56,-20.95,1.15
16,5.42,3.56,-20.85,1.18
0,5.38,3.56,-20.76,1.17
0,5.33,3.56,-20.67,1.15
0,5.28,3.56,-20.58,1.17
0,5.24,3.56,-20.49,1.17
0,5.19,3.57,-20.4,1.15
0,5.14,3.57,-20.31,1.17
0,5.1,3.57,-20.21,1.16
0,5.05,3.57,-20.12,1.17
0,5.01,3.57,-20.03,1.17
0,4.96,3.57,-19.94,1.16
0,4.91,3.57,-19.85,1.17
0,4.87,3.57,-19.76,1.16
0,4.82,3.57,-19.66,1.18
0,4.78,3.57,-19.57,1.16
0,4.74,3.58,-19.48,1.18
0,4.69,3.58,-19.39,1.18
0,4.65,3.58,-19.3,1.16
0,4.6,3.58,-19.21,1.18
0,4.56,3.58,-19.12,1.16
0,4.52,3.58,-19.02,1.18
0,4.47,3.58,-18.93,1.18
0,4.43,3.58,-18.84,1.17
0,4.39,3.58,-18.75,1.18
0,4.34,3.58,-18.66,1.17
0,4.3,3.59,-18.57,1.18
0,4.26,3.59,-18.47,1.18
0,4.22,3.59,-18.38,1.17
0,4.18,3.59,-18.29,1.19
0,4.13,3.59,-18.2,1.19
0,4.09,3.59,-18.11,1.17
0,4.05,3.59,-18.02,1.19
0,4.01,3.59,-17.93,1.17
0,3.97,3.59,-17.84,1.17
0,3.93,3.59,-17.74,1.19
0,3.89,3.6,-17.65,1.19
0,3.85,3.6,-17.56,1.17
0,3.81,3.6,-17.47,1.19
0,3.77,3.6,-17.38,1.16
0,3.73,3.6,-17.29,1.19
0,3.69,3.6,-17.2,1.18
0,3.65,3.6,-17.11,1.18
0,3.61,3.6,-17.01,1.19
0,3.57,3.6,-16.92,1.18
0,3.54,3.6,-16.83,1.2
0,3.5,3.61,-16.74,1.18
0,3.46,3.61,-16.65,1.2
0,3.42,3.61,-16.56,1.18
0,3.38,3.61,-16.47,1.2
0,3.35,3.61,-16.37,1.2
0,3.31,3.61,-16.28,1.18
0,3.27,3.61,-16.19,1.2
0,3.24,3.61,-16.1,1.18
0,3.2,3.61,-16.01,1.2
0,3.16,3.61,-15.92,1.2
0,3.13,3.62,-15.82,1.19
0,3.09,3.62,-15.73,1.2
0,3.05,3.62,-15.64,1.19
0,3.02,3.62,-15.55,1.19
0,2.98,3.62,-15.46,1.21
0,2.95,3.62,-15.37,1.21
0,2.91,3.62,-15.28,1.21
0,2.88,3.62,-15.18,1.19
0,2.84,3.62,-15.09,1.21
0,2.81,3.62,-15,1.19
0,2.78,3.63,-14.91,1.21
0,2.74,3.63,-14.82,1.21
0,2.71,3.63,-14.73,1.19
0,2.68,3.63,-14.63,1.21
0,2.64,3.63,-14.54,1.21
0,2.61,3.63,-14.45,1.2
0,2.58,3.63,-14.36,1.21
0,2.54,3.63,-14.27,1.21
0,2.51,3.63,-14.18,1.2
0,2.48,3.63,-14.09,1.22
0,2.45,3.64,-13.99,1.22
0,2.41,3.64,-13.9,1.2
0,2.38,3.64,-13.81,1.22
0,2.35,3.64,-13.72,1.2
0,2.32,3.64,-13.63,1.22
0,2.29,3.64,-13.54,1.2
0,2.26,3.64,-13.44,1.22
0,2.23,3.64,-13.35,1.22
0,2.2,3.64,-13.26,1.21
0,2.17,3.64,-13.17,1.22
0,2.14,3.65,-13.08,1.22
0,2.11,3.65,-12.99,1.19
0,2.08,3.65,-12.9,1.22
0,2.05,3.65,-12.81,1.21
0,2.02,3.65,-12.71,1.23
0,1.99,3.65,-12.62,1.21
0,1.96,3.65,-12.53,1.23
0,1.93,3.65,-12.44,1.21
0,1.91,3.65,-12.35,1.23
0,1.88,3.65,-12.26,1.23
0,1.85,3.66,-12.16,1.23
0,1.82,3.66,-12.07,1.21
0,1.79,3.66,-11.98,1.23
0,1.77,3.66,-11.89,1.22
0,1.74,3.66,-11.8,1.23
0,1.71,3.66,-11.71,1.22
0,1.69,3.66,-11.62,1.23
0,1.66,3.66,-11.52,1.22
0,1.63,3.66,-11.43,1.24
0,1.61,3.66,-11.34,1.24
0,1.58,3.67,-11.25,1.23
0,1.56,3.67,-11.16,1.22
0,1.53,3.67,-11.07,1.24
0,1.51,3.67,-10.97,1.24
0,1.48,3.67,-10.88,1.22
0,1.46,3.67,-10.79,1.24
0,1.43,3.67,-10.7,1.24
0,1.41,3.67,-10.61,1.23
0,1.38,3.67,-10.52,1.24
0,1.36,3.67,-10.43,1.23
0,1.34,3.68,-10.33,1.24
0,1.31,3.68,-10.24,1.24
0,1.29,3.68,-10.15,1.23
0,1.27,3.68,-10.06,1.25
0,1.24,3.68,-9.97,1.23
0,1.22,3.68,-9.88,1.23
0,1.2,3.68,-9.79,1.21
0,1.18,3.68,-9.7,1.21
0,1.16,3.68,-9.61,1.22
0,1.13,3.68,-9.52,1.23
0,1.11,3.69,-9.43,1.22
0,1.09,3.69,-9.34,1.22
0,1.07,3.69,-9.25,1.22
0,1.05,3.69,-9.16,1.22
0,1.03,3.69,-9.07,1.22
0,1.01,3.69,-8.98,1.22
0,0.99,3.69,-8.89,1.22
0,0.97,3.69,-8.8,1.22
0,0.95,3.69,-8.71,1.22
0,0.93,3.69,-8.62,1.22
0,0.91,3.7,-8.53,1.22
0,0.89,3.7,-8.44,1.23
0,0.87,3.7,-8.35,1.22
0,0.86,3.7,-8.26,1.22
0,0.84,3.7,-8.17,1.24
0,0.82,3.7,-8.08,1.23
0,0.8,3.7,-8,1.21
0,0.78,3.7,-7.91,1.23
0,0.77,3.7,-7.82,1.23
0,0.75,3.7,-7.73,1.23
0,0.73,3.71,-7.64,1.25
0,0.71,3.71,-7.55,1.23
0,0.7,3.71,-7.46,1.23
0,0.68,3.71,-7.37,1.25
0,0.66,3.71,-7.28,1.23
0,0.65,3.71,-7.19,1.23
0,0.63,3.71,-7.1,1.23
0,0.62,3.71,-7.01,1.25
0,0.6,3.71,-6.92,1.23
0,0.58,3.71,-6.83,1.24
0,0.57,3.72,-6.74,1.22
0,0.55,3.72,-6.65,1.25
0,0.54,3.72,-6.56,1.24
0,0.53,3.72,-6.47,1.24
0,0.51,3.72,-6.38,1.24
0,0.5,3.72,-6.29,1.24
0,0.48,3.72,-6.2,1.24
0,0.47,3.72,-6.11,1.26
0,0.46,3.72,-6.02,1.24
0,0.44,3.72,-5.93,1.24
0,0.43,3.73,-5.84,1.24
0,0.42,3.73,-5.75,1.26
0,0.4,3.73,-5.66,1.24
0,0.39,3.73,-5.57,1.25
0,0.38,3.73,-5.48,1.25
0,0.37,3.73,-5.39,1.25
0,0.35,3.73,-5.3,1.26
0,0.34,3.73,-5.21,1.25
0,0.33,3.73,-5.12,1.25
0,0.32,3.73,-5.03,1.25
0,0.31,3.74,-4.94,1.25
0,0.3,3.74,-4.85,1.25
0,0.29,3.74,-4.76,1.27
0,0.28,3.74,-4.67,1.24
0,0.26,3.74,-4.58,1.25
0,0.25,3.74,-4.5,1.25
0,0.24,3.74,-4.41,1.26
0,0.23,3.74,-4.31,1.27
0,0.23,3.74,-4.23,1.25
0,0.22,3.74,-4.14,1.26
0,0.21,3.75,-4.05,1.27
0,0.2,3.75,-3.96,1.24
0,0.19,3.75,-3.87,1.27
0,0.18,3.75,-3.78,1.26
0,0.17,3.75,-3.69,1.26
0,0.16,3.75,-3.6,1.26
0,0.16,3.75,-3.51,1.28
0,0.15,3.75,-3.42,1.26
0,0.14,3.75,-3.33,1.25
0,0.13,3.75,-3.24,1.28
0,0.13,3.76,-3.15,1.26
0,0.12,3.76,-3.06,1.27
0,0.11,3.76,-2.97,1.28
0,0.11,3.76,-2.88,1.26
0,0.1,3.76,-2.79,1.27
0,0.09,3.76,-2.7,1.27
0,0.09,3.76,-2.61,1.27
0,0.08,3.76,-2.52,1.27
0,0.08,3.76,-2.43,1.25
0,0.07,3.76,-2.34,1.27
0,0.06,3.77,-2.25,1.27
0,0.06,3.77,-2.16,1.27
0,0.06,3.77,-2.07,1.27
0,0.05,3.77,-1.98,1.27
0,0.05,3.77,-1.89,1.27
0,0.04,3.77,-1.8,1.27
0,0.04,3.77,-1.72,1.26
0,0.03,3.77,-1.63,1.27
0,0.03,3.77,-1.54,1.27
0,0.03,3.77,-1.45,1.28
0,0.02,3.78,-1.36,1.28
0,0.02,3.78,-1.27,1.28
0,0.02,3.78,-1.18,1.26
0,0.02,3.78,-1.09,1.28
0,0.01,3.78,-1,1.28
0,0.01,3.78,-0.91,1.26
0,0.01,3.78,-0.82,1.26
0,0.01,3.78,-0.74,1.28
0,0.01,3.78,-0.65,1.28
0,0,3.78,-0.56,1.26
0,0,3.79,-0.47,1.27
0,0,3.79,-0.38,1.27
0,0,3.79,-0.29,1.27
0,0,3.79,-0.21,1.25
0,0,3.79,-0.12,1.27
0,0,3.79,-0.03,1.25
0,0,3.79,0,0.4
0,0,3.79,0,0
0,0,3.79,0,0
